
$orca_hessian_file

$act_atom
  0

$act_coord
  0

$act_energy
        0.000000

$multiplicity
  1

$hessian
45
                    0                  1                  2                  3                  4        
    0      5.7329721457E-01   2.2125762034E-02  -1.8658311155E-02  -9.1891671055E-02   3.1269512277E-02
    1      2.2125762034E-02   5.1116953552E-01   3.6183465247E-02   3.2429332035E-02  -1.6837651950E-01
    2     -1.8658311155E-02   3.6183465247E-02   5.5844534988E-01  -1.8930324977E-02   4.8833162718E-02
    3     -9.1891671055E-02   3.2429332035E-02  -1.8930324977E-02   5.3039365117E-01   6.2471622407E-02
    4      3.1269512277E-02  -1.6837651950E-01   4.8833162718E-02   6.2471622407E-02   5.2287504120E-01
    5     -1.6521512685E-02   4.6318765146E-02  -1.0557890971E-01   2.4191347015E-02   1.4462946476E-02
    6     -1.2086710871E-02   9.4395510288E-03   4.4363360001E-03  -1.5193488949E-01   3.4516147048E-02
    7      2.7597466962E-02  -1.4666717376E-02  -1.4302250990E-02   3.5938178700E-02  -9.6450048768E-02
    8     -1.2201951980E-02   4.1736467808E-03   7.7362063288E-03   4.5813184017E-02  -2.3192267353E-02
    9     -2.1859667339E-04  -4.4421387722E-04  -5.2066488737E-04  -2.9941575479E-02  -1.2841889398E-02
   10      2.0698586714E-03   1.9546247748E-03  -7.3725402497E-04   7.2205545890E-03   1.0933850629E-02
   11     -3.0311225911E-04   4.6243179156E-04   1.5777910318E-04   1.5579864178E-02   1.2019394318E-02
   12      1.0448508480E-04   3.1844754641E-04   6.1944404323E-04  -2.0569337285E-03  -6.5180573307E-03
   13     -2.6729634191E-04  -6.9166920433E-04   2.2196124641E-04  -3.1999876010E-03  -2.8315995421E-03
   14     -2.0673516554E-04   8.0619005796E-05   2.0228936108E-04  -1.0549555209E-03  -4.5984038794E-04
   15     -3.3182940089E-04  -2.0248088818E-04   1.3154050735E-04   7.3385534825E-04  -1.1234149347E-04
   16     -8.9996045466E-06  -3.7755607900E-04  -1.5805229343E-04   1.2734061922E-03   2.5604961871E-04
   17     -8.6088086156E-05  -2.5685126475E-04  -1.3872343767E-04   2.0551090468E-04   1.3648957186E-04
   18     -6.4013416009E-02  -1.2053103712E-02  -6.2254021592E-02  -3.6841969726E-03  -1.7042213391E-03
   19     -1.2190244658E-02  -5.5321751963E-02  -4.6937228507E-02   8.3780452892E-03   4.4727843742E-03
   20     -6.2400050491E-02  -4.6053832629E-02  -2.8940701255E-01  -3.4510856573E-03  -2.1364954553E-03
   21     -2.2403925583E-01   7.6055148244E-02   1.0491718943E-01  -7.6274326169E-03   1.7625467174E-03
   22      7.5081955293E-02  -7.9279407881E-02  -4.4989199849E-02   2.2462736637E-02  -9.4545239657E-03
   23      1.0566731678E-01  -4.5910059009E-02  -1.1027550596E-01  -1.3997860638E-02   5.3362642664E-03
   24      9.5679642296E-03   9.6719342462E-03  -1.3533875885E-05  -1.8809335245E-01  -1.3307823079E-01
   25     -2.0024048351E-02  -2.1127537265E-02  -1.8400369970E-05  -1.3407568009E-01  -1.7129533341E-01
   26      1.1088621557E-02   1.1329479197E-02  -3.3745965995E-04  -2.5197522678E-03  -2.5413182994E-03
   27     -3.2904514412E-03  -1.7218963180E-03  -1.0742311135E-02  -6.3701705118E-02  -1.3319643575E-02
   28      7.9469402320E-03   4.4338674133E-03   2.9514438686E-02  -1.3194415523E-02  -5.6979910865E-02
   29     -3.7520593087E-03  -1.7467311058E-03  -1.3121483667E-02  -5.9473480883E-02  -4.5720375383E-02
   30     -4.2545333091E-03   1.1171345151E-03   4.0404280092E-03  -6.9746027989E-03   2.3067500508E-02
   31      1.8058078386E-03   3.9433618495E-04  -1.9232386369E-03   2.4849966646E-03  -9.1611586020E-03
   32      2.2229611227E-03  -6.5090083774E-04  -1.3688112474E-03   4.4145327697E-03  -1.5111041092E-02
   33      1.5645869960E-03  -1.1501306348E-03   5.9712614162E-04   5.4322967136E-03   5.7595341403E-03
   34     -9.8869060268E-04   4.5563727153E-04  -1.0343101569E-03  -1.8672445311E-03  -2.9507453949E-03
   35     -8.2507774518E-04   7.8518152302E-04   1.2512097683E-03  -2.2063468941E-03  -2.7681948123E-03
   36     -1.8433239729E-01  -1.3571778784E-01  -3.8210530080E-03   8.9496446748E-03   9.0144424019E-03
   37     -1.3429667117E-01  -1.7851904432E-01  -4.5409922278E-03  -2.0199142492E-02  -2.0981813856E-02
   38     -4.0058634559E-03  -4.7664740663E-03  -4.7634256366E-02   1.1671897917E-02   1.1611244670E-02
   39     -1.3788685637E-04  -1.1567840603E-04   8.2373850467E-05   4.3028463228E-04  -1.1196767583E-04
   40     -1.3283386204E-05   5.2343312738E-05   1.3567491541E-05  -6.3096635303E-05   9.9356764044E-06
   41     -2.0579496814E-05  -7.0754305168E-06   5.1609610425E-05  -4.2397137422E-05  -1.6507367240E-04
   42      6.2497855058E-05   1.5896641908E-04   8.8009638912E-05  -3.3372830634E-05  -1.7674960439E-04
   43     -1.9053585563E-05  -1.0014088813E-04  -6.7622238513E-05  -5.7509926780E-05  -6.6007588676E-05
   44      3.0215378652E-05   2.8955711308E-07   1.7718543280E-05  -1.8915343151E-04  -3.4008562833E-04
                    5                  6                  7                  8                  9        
    0     -1.6521512685E-02  -1.2086710871E-02   2.7597466962E-02  -1.2201951980E-02  -2.1859667339E-04
    1      4.6318765146E-02   9.4395510288E-03  -1.4666717376E-02   4.1736467808E-03  -4.4421387722E-04
    2     -1.0557890971E-01   4.4363360001E-03  -1.4302250990E-02   7.7362063288E-03  -5.2066488737E-04
    3      2.4191347015E-02  -1.5193488949E-01   3.5938178700E-02   4.5813184017E-02  -2.9941575479E-02
    4      1.4462946476E-02   3.4516147048E-02  -9.6450048768E-02  -2.3192267353E-02  -1.2841889398E-02
    5      5.6309408659E-01   4.4452341046E-02  -2.2300747803E-02  -1.0762633791E-01   3.9493553042E-03
    6      4.4452341046E-02   4.8639320599E-01  -1.4517716086E-02   3.2165100779E-02  -1.5879103952E-01
    7     -2.2300747803E-02  -1.4517716086E-02   5.1635117492E-01  -7.3893256817E-03  -9.4975238174E-02
    8     -1.0762633791E-01   3.2165100779E-02  -7.3893256817E-03   5.6554543861E-01  -1.0629467801E-02
    9      3.9493553042E-03  -1.5879103952E-01  -9.4975238174E-02  -1.0629467801E-02   6.8648667981E-01
   10      4.3777070446E-03  -6.2539479789E-02  -1.3417953856E-01  -8.7284542861E-03   5.1331211332E-02
   11     -3.1021053272E-04  -1.4608463823E-02  -2.2490894364E-02  -7.4880471909E-02   9.5114533994E-02
   12     -3.6754076151E-03  -2.6426215546E-02   9.7038882544E-03   1.8833432752E-02  -2.9179187118E-01
   13     -1.4065877192E-03  -1.7881152194E-02   1.4124145298E-02   1.3848666104E-02   8.9911389057E-02
   14      5.1487821818E-04   4.7766158868E-05   3.4313527954E-03   4.9489417346E-03   9.7779455700E-02
   15     -4.3273944459E-04  -6.6682938313E-03   4.7412777496E-03  -1.5995944835E-02  -1.8637520954E-01
   16      3.5027683585E-04  -6.8367130859E-03  -2.8890542580E-03  -2.3010749866E-02  -3.1975318667E-02
   17      8.5905069956E-04   3.8900773099E-03   3.6701316034E-03  -8.0730411918E-04  -1.8436612388E-01
   18     -1.0140275069E-02   4.2575492913E-04  -7.7911435437E-04  -1.2013690585E-03  -1.0758983636E-04
   19      2.9293789814E-02  -9.0963369412E-04   1.5872674457E-03   8.7552430055E-04   3.1244843370E-05
   20     -1.4526184033E-02   6.2314201084E-04  -7.0819168022E-04   1.0212723835E-03  -1.4160569181E-04
   21      4.5606983921E-03   5.0165650079E-04   1.7674514411E-03  -1.8504991169E-03   6.1130232876E-04
   22     -1.5141226563E-02   8.7639936599E-04  -4.5188784594E-03   3.6587521175E-03  -5.1914630493E-04
   23      7.5422623051E-03  -7.0595981446E-04   2.5627246872E-03  -1.2349319729E-03   8.4556234275E-05
   24     -1.3185840271E-03  -2.0848394178E-02  -1.7806013870E-02  -8.4310046903E-04  -1.9533671490E-03
   25     -1.7655637622E-03   1.1756499911E-02   9.1393659082E-03  -8.4149560154E-05   1.7912771040E-03
   26     -4.9448063661E-02   1.3250249716E-02   1.1458677800E-02  -6.7415218464E-04   9.8822789394E-04
   27     -6.0569674457E-02   4.8827067852E-03   5.5474715281E-03   2.8304075733E-02   1.9093365798E-03
   28     -4.6335966536E-02  -2.5743590717E-03  -3.0780942510E-03  -1.3034519430E-02  -5.8952020102E-04
   29     -2.8471085686E-01  -2.2704267791E-03  -3.2239536264E-03  -1.5806040735E-02  -1.4229476435E-03
   30     -1.2519787447E-02  -6.0141949656E-02   5.2156639025E-02  -2.5408484305E-02   2.5437385434E-03
   31      4.5819271456E-03   5.8683620355E-02  -2.3585469861E-01   9.0726235480E-02  -4.3046358440E-04
   32      6.3109364982E-03  -2.7594456907E-02   8.8901258977E-02  -8.9314823607E-02   6.7184429635E-04
   33      2.7688155860E-02  -5.8269472804E-02  -9.0512671364E-03  -5.4674556176E-02  -8.7101611408E-03
   34     -1.1852616214E-02  -8.6916284480E-03  -5.2631572996E-02  -3.8543270817E-02  -7.3100917216E-03
   35     -1.5789383479E-02  -5.4085468043E-02  -3.9178921796E-02  -2.9036464799E-01  -2.4264465727E-03
   36      6.8882649367E-04   9.4360025423E-04  -3.2569972782E-04   2.5446200915E-04  -9.6457711856E-04
   37     -6.8130980830E-04  -1.4037483693E-03   1.1474948621E-03  -4.1906636209E-04   8.8360400665E-04
   38     -3.1375547639E-04  -6.3760937721E-05  -9.6053022759E-04   2.3942257172E-04   2.0273963219E-04
   39     -1.8045541535E-04   1.7664029329E-04  -6.6297548880E-04  -4.4666919282E-03  -9.6962283886E-03
   40     -4.1134915510E-05   4.3534042821E-04   1.5751904511E-04   1.5407686092E-03   3.7709922785E-03
   41     -1.3621111843E-05   4.3778138463E-04   3.1637379565E-05   6.6320407575E-04  -2.2495386633E-03
   42     -1.8326734502E-04   1.8434011519E-03   7.0150976177E-04   1.9180551053E-03  -3.0008412309E-03
   43      1.7493092268E-04  -3.8898598363E-04   1.7616358043E-03  -4.3497088505E-04   1.2742194778E-03
   44     -3.8915358602E-06   9.4971717412E-06   5.1221377502E-04   5.5422472045E-04   2.8954288067E-03
                   10                 11                 12                 13                 14        
    0      2.0698586714E-03  -3.0311225911E-04   1.0448508480E-04  -2.6729634191E-04  -2.0673516554E-04
    1      1.9546247748E-03   4.6243179156E-04   3.1844754641E-04  -6.9166920433E-04   8.0619005796E-05
    2     -7.3725402497E-04   1.5777910318E-04   6.1944404323E-04   2.2196124641E-04   2.0228936108E-04
    3      7.2205545890E-03   1.5579864178E-02  -2.0569337285E-03  -3.1999876010E-03  -1.0549555209E-03
    4      1.0933850629E-02   1.2019394318E-02  -6.5180573307E-03  -2.8315995421E-03  -4.5984038794E-04
    5      4.3777070446E-03  -3.1021053272E-04  -3.6754076151E-03  -1.4065877192E-03   5.1487821818E-04
    6     -6.2539479789E-02  -1.4608463823E-02  -2.6426215546E-02  -1.7881152194E-02   4.7766158868E-05
    7     -1.3417953856E-01  -2.2490894364E-02   9.7038882544E-03   1.4124145298E-02   3.4313527954E-03
    8     -8.7284542861E-03  -7.4880471909E-02   1.8833432752E-02   1.3848666104E-02   4.9489417346E-03
    9      5.1331211332E-02   9.5114533994E-02  -2.9179187118E-01   8.9911389057E-02   9.7779455700E-02
   10      2.6699339599E-01   5.3516217983E-02   7.2322320698E-02  -7.8314466671E-02  -3.4273353969E-02
   11      5.3516217983E-02   2.8064200566E-01   7.2011965359E-02  -4.5592448502E-02  -5.2052129984E-02
   12      7.2322320698E-02   7.2011965359E-02   3.3190971514E-01  -7.9851110312E-02  -1.2078071859E-01
   13     -7.8314466671E-02  -4.5592448502E-02  -7.9851110312E-02   1.1909773296E-01   1.0793160312E-01
   14     -3.4273353969E-02  -5.2052129984E-02  -1.2078071859E-01   1.0793160312E-01   2.8977960488E-01
   15     -3.9474660352E-02  -1.3458578329E-01  -2.4508975021E-02   3.6849124502E-03   9.2399333595E-03
   16     -3.6567688152E-02   2.3326420207E-02   1.3899236768E-02  -6.6034998789E-02  -5.9023560315E-02
   17     -2.4955302582E-03  -1.3206160307E-01   6.2697653920E-02  -6.4664209970E-02  -2.0595612158E-01
   18     -2.3307882757E-04   1.3967051907E-04  -1.3276615489E-04   1.5136257530E-04   1.4457281190E-04
   19     -1.2496269332E-04  -1.0295064782E-04  -4.8703671191E-05   1.3598613740E-04   1.3609964538E-05
   20      7.6980549029E-05  -1.4577012083E-04  -2.5815014025E-04   8.5406761279E-05   1.1605782375E-04
   21     -1.1157637550E-05  -3.4181378607E-05  -5.1740311805E-04   1.7931862427E-04  -2.7203849957E-05
   22     -6.3776072406E-04   1.1803973758E-05   5.3852013151E-05   4.0096939012E-04  -3.0707511622E-05
   23      1.5089850528E-04   3.2246784458E-05  -3.2294447837E-05  -8.9186471246E-05  -4.3298763809E-06
   24      3.8564567691E-03   3.2887342197E-03  -2.0113611609E-03  -1.0160945283E-03   8.0584585094E-05
   25     -7.7258079440E-04  -1.7111822864E-03   1.0353945936E-03   5.7777041488E-04   9.2627067009E-05
   26     -1.9559296949E-03  -1.5585594204E-03   1.1011914386E-03   5.6910310850E-04   6.5643125910E-04
   27      3.6118908626E-04   1.3524701236E-03   5.7963883468E-04  -3.0651129331E-04  -7.6199301083E-04
   28      2.5038204982E-04   6.9540554572E-04   7.1697100776E-05  -2.4067912117E-04   1.3269385982E-04
   29     -3.6992227934E-04  -3.9861804703E-05  -1.6004982872E-04   1.7185521604E-04   7.2172814620E-04
   30     -2.9171468172E-02   1.0753180115E-02   2.1612909799E-05   3.0473494308E-03  -8.3024635624E-04
   31     -2.8389093914E-02   8.2051749408E-03  -2.0313390981E-03   3.6757506174E-03  -5.7418367539E-04
   32     -9.9595929598E-04   1.5510885832E-03   4.5930165032E-04  -3.6869963153E-04  -3.4292901272E-04
   33     -5.2680883826E-03  -2.7976483256E-02   2.0285632017E-03   1.9225337174E-03   2.4492491141E-03
   34     -6.1342932794E-03  -2.2568803029E-02   1.1539311750E-03   1.1709710544E-03   1.9811137939E-03
   35     -1.3420240583E-03  -1.2910715975E-03  -1.5302146957E-03   3.0719946906E-05   7.0062591275E-04
   36      2.3458888264E-04  -1.1760242467E-04  -3.3079699153E-05   8.1934328942E-05  -1.2534290060E-04
   37     -7.7667137019E-04  -2.1751059923E-04  -5.7964026773E-04   6.0558422161E-04   7.2075580351E-05
   38      1.0450349446E-05   3.4317498708E-04  -3.8817246583E-05  -1.6887806943E-04  -2.5148416939E-04
   39     -2.4337607627E-02  -5.1430280615E-04   7.3207109138E-03   1.7485399438E-02   2.2138684433E-03
   40      7.1060066189E-03  -3.9366823179E-03  -5.3246705413E-03  -5.1089467268E-03  -6.5798399900E-03
   41     -6.6208229479E-03  -8.5932637745E-03  -1.6626732783E-02  -2.5768268177E-02  -1.3300551747E-02
   42      2.3731304589E-02  -2.0029835995E-02   5.5138795231E-03  -1.4033921354E-02   1.1818210139E-02
   43     -1.3412039062E-03  -1.6077246279E-03  -4.1133729250E-03   1.3433449959E-02  -1.2826796697E-02
   44     -6.2165600253E-04  -1.1793352902E-02  -1.2607048725E-02   1.5231550401E-02  -2.5733010972E-02
                   15                 16                 17                 18                 19        
    0     -3.3182940089E-04  -8.9996045466E-06  -8.6088086156E-05  -6.4013416009E-02  -1.2190244658E-02
    1     -2.0248088818E-04  -3.7755607900E-04  -2.5685126475E-04  -1.2053103712E-02  -5.5321751963E-02
    2      1.3154050735E-04  -1.5805229343E-04  -1.3872343767E-04  -6.2254021592E-02  -4.6937228507E-02
    3      7.3385534825E-04   1.2734061922E-03   2.0551090468E-04  -3.6841969726E-03   8.3780452892E-03
    4     -1.1234149347E-04   2.5604961871E-04   1.3648957186E-04  -1.7042213391E-03   4.4727843742E-03
    5     -4.3273944459E-04   3.5027683585E-04   8.5905069956E-04  -1.0140275069E-02   2.9293789814E-02
    6     -6.6682938313E-03  -6.8367130859E-03   3.8900773099E-03   4.2575492913E-04  -9.0963369412E-04
    7      4.7412777496E-03  -2.8890542580E-03   3.6701316034E-03  -7.7911435437E-04   1.5872674457E-03
    8     -1.5995944835E-02  -2.3010749866E-02  -8.0730411918E-04  -1.2013690585E-03   8.7552430055E-04
    9     -1.8637520954E-01  -3.1975318667E-02  -1.8436612388E-01  -1.0758983636E-04   3.1244843370E-05
   10     -3.9474660352E-02  -3.6567688152E-02  -2.4955302582E-03  -2.3307882757E-04  -1.2496269332E-04
   11     -1.3458578329E-01   2.3326420207E-02  -1.3206160307E-01   1.3967051907E-04  -1.0295064782E-04
   12     -2.4508975021E-02   1.3899236768E-02   6.2697653920E-02  -1.3276615489E-04  -4.8703671191E-05
   13      3.6849124502E-03  -6.6034998789E-02  -6.4664209970E-02   1.5136257530E-04   1.3598613740E-04
   14      9.2399333595E-03  -5.9023560315E-02  -2.0595612158E-01   1.4457281190E-04   1.3609964538E-05
   15      3.6331931938E-01   1.1611891954E-01   1.7712360461E-01   2.0138132417E-04   3.0551239877E-05
   16      1.1611891954E-01   5.9616647481E-01  -4.5151374372E-02  -7.5717570107E-05  -8.7467221949E-05
   17      1.7712360461E-01  -4.5151374372E-02   5.5473590130E-01   4.4663748639E-05   4.0268177288E-05
   18      2.0138132417E-04  -7.5717570107E-05   4.4663748639E-05   6.4498300166E-02   1.1088194813E-02
   19      3.0551239877E-05  -8.7467221949E-05   4.0268177288E-05   1.1088194813E-02   5.9941330429E-02
   20      1.3974796639E-04   2.7247913792E-05   2.7906218128E-05   6.9959748611E-02   4.7664587869E-02
   21      8.4026624921E-05   1.1680543677E-04   1.1202252164E-04   7.7483950816E-03  -3.7486642527E-03
   22      1.5878791900E-04   8.7668671924E-05   2.6670130439E-05   4.3965093196E-03  -2.9761207966E-03
   23     -4.5440063885E-06  -1.9719488691E-05   6.2923429441E-06   2.5758952461E-02  -9.8874457542E-03
   24      2.7656329437E-04   1.7788848490E-04   1.1368323373E-04   3.2367681077E-04  -6.4003228140E-04
   25      1.2018161019E-04  -1.5048842237E-04   2.1450456196E-05   1.7097707615E-05   1.3053789824E-03
   26      5.9169637195E-04  -6.7513380360E-05  -2.7382738015E-05   6.7720678086E-04  -4.6031848690E-04
   27     -4.8779631111E-04   7.4536811155E-05  -3.8902021208E-04   1.2220443091E-04   2.4346248009E-03
   28      1.2036973364E-04   2.8619060550E-04  -1.1166963093E-04   2.1490542503E-03  -4.8525426007E-03
   29      8.9607544922E-04   2.3414285260E-04   5.4751088471E-05  -7.9964931172E-04   2.6843380845E-03
   30      1.5420972307E-03   9.3712756226E-04   9.6808374774E-04   1.6721960988E-04  -4.0365671720E-04
   31      1.0326313455E-03   2.1995144953E-03   1.0489293392E-04  -1.3290206874E-06   9.4283666463E-05
   32      6.7803268954E-04  -6.8133557916E-04   1.0775534443E-03   2.3877035431E-04  -1.3477603072E-04
   33     -1.8801624969E-03  -4.4746304058E-03  -6.1859622623E-04  -1.2872212094E-04   1.8651734060E-05
   34     -1.1373939524E-03  -1.9895421363E-03  -4.4913260346E-04   3.5365836147E-04  -4.2353286612E-05
   35      1.6027090594E-03  -6.1575739604E-05   8.8590253991E-04   3.5376310202E-04  -7.5999995166E-04
   36     -7.6678880027E-05   2.4419727953E-04   1.6932256484E-06  -5.5033238065E-03  -4.0079561656E-03
   37      3.9779471737E-04   1.2957864792E-04   2.4340686411E-04  -3.3094687595E-03  -4.1650510258E-03
   38     -1.8230465760E-04   1.8685733158E-04  -5.7954972515E-05  -2.2952433252E-02  -2.2229805532E-02
   39     -9.4270782229E-02  -1.1502836155E-01  -2.3363401688E-02   4.4364755477E-05   1.7347188562E-05
   40     -1.0814073323E-01  -2.8420969495E-01  -3.2996839593E-02  -6.3066470714E-07   4.2219235202E-06
   41     -1.5994780221E-02  -3.0296555684E-02  -5.2128294161E-02   9.6418461449E-06  -1.2532530288E-05
   42     -5.1557515493E-02   2.5559789576E-02  -3.6478624910E-02   3.8717792429E-05  -4.0883357610E-05
   43      2.2660016846E-02  -2.0681898684E-01   1.4187883340E-01  -8.0978909562E-06   2.8996628998E-05
   44     -2.3062381772E-02   1.3434895613E-01  -1.6646997356E-01   1.9998640268E-05  -2.2231268259E-06
                   20                 21                 22                 23                 24        
    0     -6.2400050491E-02  -2.2403925583E-01   7.5081955293E-02   1.0566731678E-01   9.5679642296E-03
    1     -4.6053832629E-02   7.6055148244E-02  -7.9279407881E-02  -4.5910059009E-02   9.6719342462E-03
    2     -2.8940701255E-01   1.0491718943E-01  -4.4989199849E-02  -1.1027550596E-01  -1.3533875885E-05
    3     -3.4510856573E-03  -7.6274326169E-03   2.2462736637E-02  -1.3997860638E-02  -1.8809335245E-01
    4     -2.1364954553E-03   1.7625467174E-03  -9.4545239657E-03   5.3362642664E-03  -1.3307823079E-01
    5     -1.4526184033E-02   4.5606983921E-03  -1.5141226563E-02   7.5422623051E-03  -1.3185840271E-03
    6      6.2314201084E-04   5.0165650079E-04   8.7639936599E-04  -7.0595981446E-04  -2.0848394178E-02
    7     -7.0819168022E-04   1.7674514411E-03  -4.5188784594E-03   2.5627246872E-03  -1.7806013870E-02
    8      1.0212723835E-03  -1.8504991169E-03   3.6587521175E-03  -1.2349319729E-03  -8.4310046903E-04
    9     -1.4160569181E-04   6.1130232876E-04  -5.1914630493E-04   8.4556234275E-05  -1.9533671490E-03
   10      7.6980549029E-05  -1.1157637550E-05  -6.3776072406E-04   1.5089850528E-04   3.8564567691E-03
   11     -1.4577012083E-04  -3.4181378607E-05   1.1803973758E-05   3.2246784458E-05   3.2887342197E-03
   12     -2.5815014025E-04  -5.1740311805E-04   5.3852013151E-05  -3.2294447837E-05  -2.0113611609E-03
   13      8.5406761279E-05   1.7931862427E-04   4.0096939012E-04  -8.9186471246E-05  -1.0160945283E-03
   14      1.1605782375E-04  -2.7203849957E-05  -3.0707511622E-05  -4.3298763809E-06   8.0584585094E-05
   15      1.3974796639E-04   8.4026624921E-05   1.5878791900E-04  -4.5440063885E-06   2.7656329437E-04
   16      2.7247913792E-05   1.1680543677E-04   8.7668671924E-05  -1.9719488691E-05   1.7788848490E-04
   17      2.7906218128E-05   1.1202252164E-04   2.6670130439E-05   6.2923429441E-06   1.1368323373E-04
   18      6.9959748611E-02   7.7483950816E-03   4.3965093196E-03   2.5758952461E-02   3.2367681077E-04
   19      4.7664587869E-02  -3.7486642527E-03  -2.9761207966E-03  -9.8874457542E-03  -6.4003228140E-04
   20      3.1473805284E-01  -4.2822799656E-03  -2.4285676074E-03  -1.3597871683E-02   4.0508392168E-04
   21     -4.2822799656E-03   2.4063491211E-01  -8.4925620650E-02  -1.1460685060E-01   6.5888518586E-04
   22     -2.4285676074E-03  -8.4925620650E-02   8.5785400120E-02   4.7715188695E-02  -6.2116458531E-04
   23     -1.3597871683E-02  -1.1460685060E-01   4.7715188695E-02   1.1585669625E-01   3.9450267516E-04
   24      4.0508392168E-04   6.5888518586E-04  -6.2116458531E-04   3.9450267516E-04   2.0621664976E-01
   25      9.8889380728E-05   9.7552906250E-05   7.3936800428E-04  -7.2346267735E-04   1.4139170892E-01
   26      3.3466249436E-04  -1.4166788291E-04  -7.8324834341E-04   4.1811838338E-04   3.4651787863E-04
   27     -4.9737312984E-04  -8.4554346881E-05  -3.4346824453E-04   1.8089897837E-05  -5.7113099809E-03
   28      2.9534780313E-03  -2.3548876880E-04   1.1536145504E-03  -8.2632863965E-04  -4.5744967804E-03
   29      3.1923615335E-04  -2.2438634798E-04   1.2013577111E-04   5.7115133629E-04  -2.6194287470E-04
   30      1.7231991749E-04  -4.5767926759E-04   1.7122098329E-03  -5.6096196173E-04   5.7912375313E-04
   31      4.2872609740E-05   1.2184069480E-04  -5.0481926328E-04   4.6223262594E-04   6.1226507917E-05
   32      3.1343445358E-04   4.7223642997E-04  -5.3687586062E-04   5.8863123008E-04  -7.6397553764E-04
   33     -7.1988509738E-04   5.3590644734E-05  -3.4226411295E-04  -9.0411108728E-05   1.0194565413E-03
   34      3.4140277861E-04  -7.3676372967E-05   1.1505637388E-04   2.7692321130E-04  -1.7770913870E-04
   35      4.2261974747E-04   7.1737057697E-05   2.5281527589E-04   2.9126333475E-04   1.1845697428E-04
   36      4.2034378919E-04  -1.7483869612E-02  -1.7994381744E-02  -1.9038013763E-03   9.8547586506E-05
   37      7.8857451212E-06   8.8739445997E-03   9.0937886204E-03   9.3681862824E-04   2.7526128695E-03
   38      3.9124935646E-04   1.1039396971E-02   1.2129344477E-02  -1.9640313807E-04  -1.3453617952E-03
   39      9.5508182897E-06  -2.8469077320E-05   6.1253172002E-05  -6.2641762397E-06  -6.2602069647E-05
   40     -1.6114124578E-06  -2.0372027566E-05  -7.9406416302E-06   2.4847212876E-06  -3.9413029925E-06
   41     -1.0384505334E-05  -1.8727710243E-05   1.3331413919E-05  -5.9136608421E-06  -9.8856225807E-05
   42      2.1252546814E-05  -5.4104609528E-05  -4.6393243093E-05   8.8996419898E-06  -6.0480177512E-05
   43     -1.4890496421E-05   2.9106377474E-05   3.5859998897E-06   4.9418243026E-06  -1.6984675654E-05
   44      2.7314223755E-06  -1.0853501779E-05  -1.0491244627E-05   8.2943205893E-06  -1.0722919988E-04
                   25                 26                 27                 28                 29        
    0     -2.0024048351E-02   1.1088621557E-02  -3.2904514412E-03   7.9469402320E-03  -3.7520593087E-03
    1     -2.1127537265E-02   1.1329479197E-02  -1.7218963180E-03   4.4338674133E-03  -1.7467311058E-03
    2     -1.8400369970E-05  -3.3745965995E-04  -1.0742311135E-02   2.9514438686E-02  -1.3121483667E-02
    3     -1.3407568009E-01  -2.5197522678E-03  -6.3701705118E-02  -1.3194415523E-02  -5.9473480883E-02
    4     -1.7129533341E-01  -2.5413182994E-03  -1.3319643575E-02  -5.6979910865E-02  -4.5720375383E-02
    5     -1.7655637622E-03  -4.9448063661E-02  -6.0569674457E-02  -4.6335966536E-02  -2.8471085686E-01
    6      1.1756499911E-02   1.3250249716E-02   4.8827067852E-03  -2.5743590717E-03  -2.2704267791E-03
    7      9.1393659082E-03   1.1458677800E-02   5.5474715281E-03  -3.0780942510E-03  -3.2239536264E-03
    8     -8.4149560154E-05  -6.7415218464E-04   2.8304075733E-02  -1.3034519430E-02  -1.5806040735E-02
    9      1.7912771040E-03   9.8822789394E-04   1.9093365798E-03  -5.8952020102E-04  -1.4229476435E-03
   10     -7.7258079440E-04  -1.9559296949E-03   3.6118908626E-04   2.5038204982E-04  -3.6992227934E-04
   11     -1.7111822864E-03  -1.5585594204E-03   1.3524701236E-03   6.9540554572E-04  -3.9861804703E-05
   12      1.0353945936E-03   1.1011914386E-03   5.7963883468E-04   7.1697100776E-05  -1.6004982872E-04
   13      5.7777041488E-04   5.6910310850E-04  -3.0651129331E-04  -2.4067912117E-04   1.7185521604E-04
   14      9.2627067009E-05   6.5643125910E-04  -7.6199301083E-04   1.3269385982E-04   7.2172814620E-04
   15      1.2018161019E-04   5.9169637195E-04  -4.8779631111E-04   1.2036973364E-04   8.9607544922E-04
   16     -1.5048842237E-04  -6.7513380360E-05   7.4536811155E-05   2.8619060550E-04   2.3414285260E-04
   17      2.1450456196E-05  -2.7382738015E-05  -3.8902021208E-04  -1.1166963093E-04   5.4751088471E-05
   18      1.7097707615E-05   6.7720678086E-04   1.2220443091E-04   2.1490542503E-03  -7.9964931172E-04
   19      1.3053789824E-03  -4.6031848690E-04   2.4346248009E-03  -4.8525426007E-03   2.6843380845E-03
   20      9.8889380728E-05   3.3466249436E-04  -4.9737312984E-04   2.9534780313E-03   3.1923615335E-04
   21      9.7552906250E-05  -1.4166788291E-04  -8.4554346881E-05  -2.3548876880E-04  -2.2438634798E-04
   22      7.3936800428E-04  -7.8324834341E-04  -3.4346824453E-04   1.1536145504E-03   1.2013577111E-04
   23     -7.2346267735E-04   4.1811838338E-04   1.8089897837E-05  -8.2632863965E-04   5.7115133629E-04
   24      1.4139170892E-01   3.4651787863E-04  -5.7113099809E-03  -4.5744967804E-03  -2.6194287470E-04
   25      1.8894356183E-01   4.8369166818E-04  -3.9423938880E-03  -4.4151290239E-03  -2.1935297819E-04
   26      4.8369166818E-04   5.0006978469E-02  -2.3201934047E-02  -2.1525431898E-02   3.4117423182E-04
   27     -3.9423938880E-03  -2.3201934047E-02   6.8783486335E-02   9.3300163822E-03   6.3836914225E-02
   28     -4.4151290239E-03  -2.1525431898E-02   9.3300163822E-03   6.2538349398E-02   4.9598721881E-02
   29     -2.1935297819E-04   3.4117423182E-04   6.3836914225E-02   4.9598721881E-02   3.1076079663E-01
   30     -3.8760619252E-04  -7.4307342055E-04   9.5966459434E-04  -4.4502969764E-04   2.1190461485E-04
   31      7.5196483265E-04  -2.5191980201E-06  -3.3221370770E-04  -2.0006571617E-05  -1.8570462265E-04
   32      4.3178660496E-04   5.5054645908E-04  -7.9224133337E-04   8.9933994118E-05   4.7575601193E-04
   33     -6.9999851430E-04  -5.7734602421E-04  -4.3243205744E-03   2.5638630617E-03   2.6785494479E-03
   34      2.4050669857E-04   6.3672931475E-04   2.0207953867E-03  -2.4114435326E-04  -1.2677583403E-03
   35      3.5206458801E-04   2.8637497459E-04   2.8775335508E-03  -7.2171476056E-04   3.9209703895E-05
   36      2.8667267435E-03  -9.7328004762E-04   4.8867122023E-04  -6.9450183934E-04   4.3801402487E-04
   37     -3.9401138709E-03   2.8715579156E-03   6.6889162244E-05   1.2528406325E-03  -7.5504413449E-05
   38      2.9565124293E-03  -6.1551110759E-04   6.9353479456E-04  -5.0030966138E-04   3.3508064357E-04
   39      4.6981358281E-05   2.8037488691E-05   7.8237162170E-06   2.2250570997E-05   1.2252432475E-04
   40     -7.4223860240E-07   1.1136858824E-05   1.8774833632E-05  -3.4796003295E-05  -5.4828636369E-06
   41      2.5001561860E-05   2.7590007635E-05  -4.9979146788E-05   6.8525253278E-05   4.4351175732E-05
   42      2.9146346661E-05   9.0325080397E-05  -1.3339472406E-04   1.1220460360E-04   1.7493122346E-04
   43      4.0083516828E-06  -1.2355044802E-05   1.0324498197E-04  -5.2941858950E-05  -4.1902134205E-05
   44      4.8346359975E-05   3.9252491738E-05  -7.2062187104E-05   5.0237247546E-05   1.5007950403E-05
                   30                 31                 32                 33                 34        
    0     -4.2545333091E-03   1.8058078386E-03   2.2229611227E-03   1.5645869960E-03  -9.8869060268E-04
    1      1.1171345151E-03   3.9433618495E-04  -6.5090083774E-04  -1.1501306348E-03   4.5563727153E-04
    2      4.0404280092E-03  -1.9232386369E-03  -1.3688112474E-03   5.9712614162E-04  -1.0343101569E-03
    3     -6.9746027989E-03   2.4849966646E-03   4.4145327697E-03   5.4322967136E-03  -1.8672445311E-03
    4      2.3067500508E-02  -9.1611586020E-03  -1.5111041092E-02   5.7595341403E-03  -2.9507453949E-03
    5     -1.2519787447E-02   4.5819271456E-03   6.3109364982E-03   2.7688155860E-02  -1.1852616214E-02
    6     -6.0141949656E-02   5.8683620355E-02  -2.7594456907E-02  -5.8269472804E-02  -8.6916284480E-03
    7      5.2156639025E-02  -2.3585469861E-01   8.8901258977E-02  -9.0512671364E-03  -5.2631572996E-02
    8     -2.5408484305E-02   9.0726235480E-02  -8.9314823607E-02  -5.4674556176E-02  -3.8543270817E-02
    9      2.5437385434E-03  -4.3046358440E-04   6.7184429635E-04  -8.7101611408E-03  -7.3100917216E-03
   10     -2.9171468172E-02  -2.8389093914E-02  -9.9595929598E-04  -5.2680883826E-03  -6.1342932794E-03
   11      1.0753180115E-02   8.2051749408E-03   1.5510885832E-03  -2.7976483256E-02  -2.2568803029E-02
   12      2.1612909799E-05  -2.0313390981E-03   4.5930165032E-04   2.0285632017E-03   1.1539311750E-03
   13      3.0473494308E-03   3.6757506174E-03  -3.6869963153E-04   1.9225337174E-03   1.1709710544E-03
   14     -8.3024635624E-04  -5.7418367539E-04  -3.4292901272E-04   2.4492491141E-03   1.9811137939E-03
   15      1.5420972307E-03   1.0326313455E-03   6.7803268954E-04  -1.8801624969E-03  -1.1373939524E-03
   16      9.3712756226E-04   2.1995144953E-03  -6.8133557916E-04  -4.4746304058E-03  -1.9895421363E-03
   17      9.6808374774E-04   1.0489293392E-04   1.0775534443E-03  -6.1859622623E-04  -4.4913260346E-04
   18      1.6721960988E-04  -1.3290206874E-06   2.3877035431E-04  -1.2872212094E-04   3.5365836147E-04
   19     -4.0365671720E-04   9.4283666463E-05  -1.3477603072E-04   1.8651734060E-05  -4.2353286612E-05
   20      1.7231991749E-04   4.2872609740E-05   3.1343445358E-04  -7.1988509738E-04   3.4140277861E-04
   21     -4.5767926759E-04   1.2184069480E-04   4.7223642997E-04   5.3590644734E-05  -7.3676372967E-05
   22      1.7122098329E-03  -5.0481926328E-04  -5.3687586062E-04  -3.4226411295E-04   1.1505637388E-04
   23     -5.6096196173E-04   4.6223262594E-04   5.8863123008E-04  -9.0411108728E-05   2.7692321130E-04
   24      5.7912375313E-04   6.1226507917E-05  -7.6397553764E-04   1.0194565413E-03  -1.7770913870E-04
   25     -3.8760619252E-04   7.5196483265E-04   4.3178660496E-04  -6.9999851430E-04   2.4050669857E-04
   26     -7.4307342055E-04  -2.5191980201E-06   5.5054645908E-04  -5.7734602421E-04   6.3672931475E-04
   27      9.5966459434E-04  -3.3221370770E-04  -7.9224133337E-04  -4.3243205744E-03   2.0207953867E-03
   28     -4.4502969764E-04  -2.0006571617E-05   8.9933994118E-05   2.5638630617E-03  -2.4114435326E-04
   29      2.1190461485E-04  -1.8570462265E-04   4.7575601193E-04   2.6785494479E-03  -1.2677583403E-03
   30      6.8033681524E-02  -5.9054249606E-02   2.7187320058E-02  -2.0230850773E-03   6.3499321504E-03
   31     -5.9054249606E-02   2.6192054012E-01  -9.8825390631E-02  -1.1938424014E-03   4.5837621105E-03
   32      2.7187320058E-02  -9.8825390631E-02   9.2838264970E-02  -7.4532186880E-03   2.7376519097E-02
   33     -2.0230850773E-03  -1.1938424014E-03  -7.4532186880E-03   6.6169490290E-02   1.1381209074E-02
   34      6.3499321504E-03   4.5837621105E-03   2.7376519097E-02   1.1381209074E-02   5.7337009492E-02
   35     -2.6922112686E-03  -1.9241072235E-03  -1.2369963808E-02   5.8548782831E-02   4.5269447819E-02
   36      1.2890637559E-04  -2.1517247298E-04  -4.8156153228E-05  -3.4365446816E-05  -1.3470977723E-05
   37      1.9714160104E-04   2.7022380209E-04   1.1718693215E-04   8.5372891549E-05  -1.1107506094E-04
   38      6.4648366619E-05  -1.8064522663E-05  -1.1005622565E-04  -1.0019028626E-04  -2.2015094922E-05
   39      1.8282803906E-04   2.0728446273E-04   1.1878427922E-05  -1.2416622700E-03  -6.8288725044E-04
   40      3.9380013476E-05  -1.2912461807E-06   7.6761927730E-05   4.2699802652E-04   2.9555685550E-04
   41     -3.1832312372E-04  -3.6763036696E-04  -8.8074887789E-05   1.6807198177E-04  -8.8085150798E-05
   42     -3.0702247008E-04  -1.1269936802E-03   2.8649969563E-04   3.4396754408E-04  -3.1652208358E-04
   43      8.2579144863E-04   4.0692380131E-05   3.2662919555E-04   2.1847874051E-05  -9.7773348358E-05
   44     -3.1612582048E-04  -3.1759462935E-04  -1.1155286141E-04   9.2301176286E-05  -4.2612277013E-05
                   35                 36                 37                 38                 39        
    0     -8.2507774518E-04  -1.8433239729E-01  -1.3429667117E-01  -4.0058634559E-03  -1.3788685637E-04
    1      7.8518152302E-04  -1.3571778784E-01  -1.7851904432E-01  -4.7664740663E-03  -1.1567840603E-04
    2      1.2512097683E-03  -3.8210530080E-03  -4.5409922278E-03  -4.7634256366E-02   8.2373850467E-05
    3     -2.2063468941E-03   8.9496446748E-03  -2.0199142492E-02   1.1671897917E-02   4.3028463228E-04
    4     -2.7681948123E-03   9.0144424019E-03  -2.0981813856E-02   1.1611244670E-02  -1.1196767583E-04
    5     -1.5789383479E-02   6.8882649367E-04  -6.8130980830E-04  -3.1375547639E-04  -1.8045541535E-04
    6     -5.4085468043E-02   9.4360025423E-04  -1.4037483693E-03  -6.3760937721E-05   1.7664029329E-04
    7     -3.9178921796E-02  -3.2569972782E-04   1.1474948621E-03  -9.6053022759E-04  -6.6297548880E-04
    8     -2.9036464799E-01   2.5446200915E-04  -4.1906636209E-04   2.3942257172E-04  -4.4666919282E-03
    9     -2.4264465727E-03  -9.6457711856E-04   8.8360400665E-04   2.0273963219E-04  -9.6962283886E-03
   10     -1.3420240583E-03   2.3458888264E-04  -7.7667137019E-04   1.0450349446E-05  -2.4337607627E-02
   11     -1.2910715975E-03  -1.1760242467E-04  -2.1751059923E-04   3.4317498708E-04  -5.1430280615E-04
   12     -1.5302146957E-03  -3.3079699153E-05  -5.7964026773E-04  -3.8817246583E-05   7.3207109138E-03
   13      3.0719946906E-05   8.1934328942E-05   6.0558422161E-04  -1.6887806943E-04   1.7485399438E-02
   14      7.0062591275E-04  -1.2534290060E-04   7.2075580351E-05  -2.5148416939E-04   2.2138684433E-03
   15      1.6027090594E-03  -7.6678880027E-05   3.9779471737E-04  -1.8230465760E-04  -9.4270782229E-02
   16     -6.1575739604E-05   2.4419727953E-04   1.2957864792E-04   1.8685733158E-04  -1.1502836155E-01
   17      8.8590253991E-04   1.6932256484E-06   2.4340686411E-04  -5.7954972515E-05  -2.3363401688E-02
   18      3.5376310202E-04  -5.5033238065E-03  -3.3094687595E-03  -2.2952433252E-02   4.4364755477E-05
   19     -7.5999995166E-04  -4.0079561656E-03  -4.1650510258E-03  -2.2229805532E-02   1.7347188562E-05
   20      4.2261974747E-04   4.2034378919E-04   7.8857451212E-06   3.9124935646E-04   9.5508182897E-06
   21      7.1737057697E-05  -1.7483869612E-02   8.8739445997E-03   1.1039396971E-02  -2.8469077320E-05
   22      2.5281527589E-04  -1.7994381744E-02   9.0937886204E-03   1.2129344477E-02   6.1253172002E-05
   23      2.9126333475E-04  -1.9038013763E-03   9.3681862824E-04  -1.9640313807E-04  -6.2641762397E-06
   24      1.1845697428E-04   9.8547586506E-05   2.7526128695E-03  -1.3453617952E-03  -6.2602069647E-05
   25      3.5206458801E-04   2.8667267435E-03  -3.9401138709E-03   2.9565124293E-03   4.6981358281E-05
   26      2.8637497459E-04  -9.7328004762E-04   2.8715579156E-03  -6.1551110759E-04   2.8037488691E-05
   27      2.8775335508E-03   4.8867122023E-04   6.6889162244E-05   6.9353479456E-04   7.8237162170E-06
   28     -7.2171476056E-04  -6.9450183934E-04   1.2528406325E-03  -5.0030966138E-04   2.2250570997E-05
   29      3.9209703895E-05   4.3801402487E-04  -7.5504413449E-05   3.3508064357E-04   1.2252432475E-04
   30     -2.6922112686E-03   1.2890637559E-04   1.9714160104E-04   6.4648366619E-05   1.8282803906E-04
   31     -1.9241072235E-03  -2.1517247298E-04   2.7022380209E-04  -1.8064522663E-05   2.0728446273E-04
   32     -1.2369963808E-02  -4.8156153228E-05   1.1718693215E-04  -1.1005622565E-04   1.1878427922E-05
   33      5.8548782831E-02  -3.4365446816E-05   8.5372891549E-05  -1.0019028626E-04  -1.2416622700E-03
   34      4.5269447819E-02  -1.3470977723E-05  -1.1107506094E-04  -2.2015094922E-05  -6.8288725044E-04
   35      3.1572326435E-01   6.4003647224E-05  -5.5395336890E-05  -2.1526108755E-05  -7.3711365593E-05
   36      6.4003647224E-05   1.9781925826E-01   1.4657377424E-01   5.1240253921E-03   1.1976604876E-05
   37     -5.5395336890E-05   1.4657377424E-01   1.9600268776E-01   1.7872613454E-03   4.4173029801E-05
   38     -2.1526108755E-05   5.1240253921E-03   1.7872613454E-03   4.7908431158E-02  -5.9391828809E-05
   39     -7.3711365593E-05   1.1976604876E-05   4.4173029801E-05  -5.9391828809E-05   9.3885878853E-02
   40      1.0746911576E-04  -3.5418044294E-05  -3.4230873554E-05  -2.5579609168E-05   1.1781313638E-01
   41      1.6711334421E-04  -1.1875560342E-05  -2.6766650092E-05  -2.3246813200E-07   2.6425555523E-02
   42      1.9094067140E-04  -1.2313119604E-05  -9.1659568780E-05  -4.3991956929E-05   3.3771230827E-03
   43      7.0307963492E-07  -6.2515499692E-06   2.5801830199E-05   7.8583904828E-06   5.1776629280E-03
   44      6.9009301318E-05   5.6152319362E-06  -1.7519822693E-05  -1.6178684458E-05  -2.5927824439E-04
                   40                 41                 42                 43                 44        
    0     -1.3283386204E-05  -2.0579496814E-05   6.2497855058E-05  -1.9053585563E-05   3.0215378652E-05
    1      5.2343312738E-05  -7.0754305168E-06   1.5896641908E-04  -1.0014088813E-04   2.8955711308E-07
    2      1.3567491541E-05   5.1609610425E-05   8.8009638912E-05  -6.7622238513E-05   1.7718543280E-05
    3     -6.3096635303E-05  -4.2397137422E-05  -3.3372830634E-05  -5.7509926780E-05  -1.8915343151E-04
    4      9.9356764044E-06  -1.6507367240E-04  -1.7674960439E-04  -6.6007588676E-05  -3.4008562833E-04
    5     -4.1134915510E-05  -1.3621111843E-05  -1.8326734502E-04   1.7493092268E-04  -3.8915358602E-06
    6      4.3534042821E-04   4.3778138463E-04   1.8434011519E-03  -3.8898598363E-04   9.4971717412E-06
    7      1.5751904511E-04   3.1637379565E-05   7.0150976177E-04   1.7616358043E-03   5.1221377502E-04
    8      1.5407686092E-03   6.6320407575E-04   1.9180551053E-03  -4.3497088505E-04   5.5422472045E-04
    9      3.7709922785E-03  -2.2495386633E-03  -3.0008412309E-03   1.2742194778E-03   2.8954288067E-03
   10      7.1060066189E-03  -6.6208229479E-03   2.3731304589E-02  -1.3412039062E-03  -6.2165600253E-04
   11     -3.9366823179E-03  -8.5932637745E-03  -2.0029835995E-02  -1.6077246279E-03  -1.1793352902E-02
   12     -5.3246705413E-03  -1.6626732783E-02   5.5138795231E-03  -4.1133729250E-03  -1.2607048725E-02
   13     -5.1089467268E-03  -2.5768268177E-02  -1.4033921354E-02   1.3433449959E-02   1.5231550401E-02
