
$orca_hessian_file

$act_atom
  0

$act_coord
  0

$act_energy
        0.000000

$multiplicity
  1

$hessian
45
                    0                  1                  2                  3                  4        
    0      1.8839770204E-01  -1.4281457228E-01   1.9809592958E-02  -5.0161635636E-02   1.3014061443E-02
    1     -1.4281457228E-01   4.9477271659E-01   5.3032238032E-02   4.8788990104E-03  -1.8300306696E-01
    2      1.9809592958E-02   5.3032238032E-02   5.8164448493E-01  -1.2063105189E-03   4.1119260866E-02
    3     -5.0161635636E-02   4.8788990104E-03  -1.2063105189E-03   5.1075045078E-01   9.0099073937E-02
    4      1.3014061443E-02  -1.8300306696E-01   4.1119260866E-02   9.0099073937E-02   4.7550982934E-01
    5     -4.6070353189E-03   4.4899457943E-02  -1.0490422387E-01   2.3499679079E-02   1.1624096891E-02
    6     -3.9263237841E-03   2.0021095772E-02  -5.8317466187E-04  -1.4194764389E-01   3.4309811815E-02
    7      1.7768996568E-02  -3.0466243981E-02  -9.0308532010E-03   2.9635302705E-02  -8.3205529257E-02
    8     -5.9331056743E-03   6.2591383342E-03   7.3318512679E-03   3.1682673099E-02  -1.2704954190E-02
    9     -9.8915831211E-02  -1.0571665798E-02   5.7647160285E-03  -3.3876698313E-02  -1.7135288531E-02
   10      8.1475252944E-02   1.2829472947E-02  -5.6279065893E-03  -1.2600048656E-02   3.9121615654E-03
   11     -5.8098249871E-03   2.1812761511E-03   9.5143837556E-03   1.5839659704E-02   1.0580266996E-02
   12      2.9906583331E-03   2.8550154527E-03  -1.7434339131E-03  -4.8035037669E-03  -2.0721644744E-03
   13      3.6095674935E-03  -7.4567081531E-04   1.5698464869E-03  -1.6850330087E-03  -4.6119511631E-03
   14     -1.2098033880E-05  -6.9112961903E-04   5.3471305884E-05  -3.0380630943E-03  -1.1092406308E-03
   15      2.3067379951E-03   1.0967613036E-03   2.0964827320E-03  -1.6766055686E-03  -8.8136839549E-04
   16     -4.3258968605E-03  -2.2211850260E-03  -7.5597279442E-04   1.9286863749E-03  -3.4993605618E-04
   17     -2.4563507666E-03  -6.2494783216E-04   4.0086930297E-04   1.5877741343E-03   1.4840564690E-04
   18     -4.9746017381E-02   1.3048756244E-02  -8.9859740885E-02   5.0919950317E-04  -2.9155848848E-03
   19      1.2454225678E-02  -5.0023695016E-02   1.0177031574E-02   8.7346564588E-03   8.1646546657E-04
   20     -7.6727077012E-02   1.4044898305E-02  -3.0624695893E-01  -2.1881021634E-03  -9.5824446151E-04
   21     -7.1809963117E-02   9.4207682435E-02   7.2508000760E-02   2.6474764728E-03  -3.9084475377E-03
   22      8.5724126643E-02  -1.9094494174E-01  -1.1809433723E-01   1.1816804076E-02  -1.2521149211E-02
   23      6.6143250548E-02  -1.2158841819E-01  -1.5074487773E-01  -6.2547712411E-03   9.7320197239E-03
   24      2.9526091878E-03   2.5797497063E-03   2.3076264157E-03  -2.0691519615E-01  -1.1788594950E-01
   25     -1.8958873644E-02  -1.8293080078E-02  -6.4488325061E-03  -1.2204775057E-01  -1.2976097556E-01
   26      8.1172683164E-03   6.3437942888E-03   3.5148184645E-03  -5.8518402076E-02  -4.1003181422E-02
   27     -9.6621804901E-04   4.6639469713E-04  -3.4600609286E-03  -4.9675256173E-02  -3.4318277008E-03
   28      2.7566620533E-03  -8.3215362097E-04   3.3455268373E-02  -3.6593096104E-03  -4.7153153679E-02
   29     -1.1618773018E-03  -9.0977843473E-05  -1.0936801529E-02  -1.1024563523E-02  -1.0493455163E-02
   30     -5.4965325035E-03   6.0372832886E-04   3.3931061925E-03  -5.6946040935E-03   1.9778228035E-02
   31      2.4450800297E-04  -1.1992992807E-03  -7.0828974602E-04   1.2359021675E-03  -6.1086953295E-03
   32      1.7088328748E-03  -1.9706341812E-03  -2.2703429241E-04   3.0557676864E-03  -1.0724322000E-02
   33      3.1290097508E-04  -1.2708633947E-03  -1.5622295927E-04   1.5584203488E-03   8.5143196091E-03
   34     -1.1980549907E-04   5.0560744251E-04  -2.4986481011E-04  -1.4781018841E-03  -3.0211141163E-03
   35     -5.9854913542E-05   2.9021142662E-06   4.9606290655E-04  -2.8107314483E-06  -2.3531585564E-03
   36      8.5284468112E-02   1.4659165454E-02  -9.1175879656E-03  -2.0967455529E-02  -1.7461523264E-02
   37     -5.0521928973E-02  -3.0360656744E-02   1.6442706062E-03  -6.8055332537E-03  -1.0344038165E-02
   38      1.6906691877E-03  -1.7616092529E-03  -2.9867525705E-02   6.9362691036E-03   6.4681948085E-03
   39     -7.2039959940E-04  -1.1024907957E-04  -5.4581172956E-05   4.3355071620E-04  -5.3338005314E-05
   40     -4.3192782022E-04  -3.8691014030E-05  -7.0746978318E-05  -1.0292445965E-05   7.2743295962E-06
   41     -4.5053332356E-04   8.6826655584E-05  -5.0157508312E-05  -2.1185616393E-04   3.2993416918E-06
   42     -5.0215536344E-04   3.1662336776E-04   2.6744005418E-04  -1.8049870432E-04   4.0607435253E-05
   43      1.5908302476E-04   2.0887300820E-05  -3.5561487343E-05  -5.3865282440E-05  -1.6612120262E-04
   44     -2.1770868969E-04  -9.8365497010E-05   2.1637619941E-05  -1.6564623498E-04  -3.3907080891E-04
                    5                  6                  7                  8                  9        
    0     -4.6070353189E-03  -3.9263237841E-03   1.7768996568E-02  -5.9331056743E-03  -9.8915831211E-02
    1      4.4899457943E-02   2.0021095772E-02  -3.0466243981E-02   6.2591383342E-03  -1.0571665798E-02
    2     -1.0490422387E-01  -5.8317466187E-04  -9.0308532010E-03   7.3318512679E-03   5.7647160285E-03
    3      2.3499679079E-02  -1.4194764389E-01   2.9635302705E-02   3.1682673099E-02  -3.3876698313E-02
    4      1.1624096891E-02   3.4309811815E-02  -8.3205529257E-02  -1.2704954190E-02  -1.7135288531E-02
    5      5.8295231080E-01   3.0202559193E-02  -1.4654818446E-02  -9.4899535327E-02   3.8943731080E-03
    6      3.0202559193E-02   4.2980437646E-01  -3.5338476961E-02   3.9569037102E-02  -1.0203177382E-01
    7     -1.4654818446E-02  -3.5338476961E-02   5.7143738423E-01  -2.3243972494E-02  -8.0456575350E-02
    8     -9.4899535327E-02   3.9569037102E-02  -2.3243972494E-02   5.7823647805E-01  -1.0175423363E-02
    9      3.8943731080E-03  -1.0203177382E-01  -8.0456575350E-02  -1.0175423363E-02   6.1876508163E-01
   10      2.2478403619E-03  -6.4426176544E-02  -1.6270951917E-01  -1.1608841287E-02   1.5355033542E-01
   11      1.3500177766E-03  -6.4465608501E-03  -1.1387871858E-02  -7.6923133130E-02   4.0265241241E-02
   12     -2.0621342758E-03  -2.0671921396E-02   2.7927003560E-03   1.5627193679E-02  -2.2868101580E-01
   13     -5.6196960202E-04  -2.0280835280E-02   1.0056103290E-02   2.2377102754E-02   6.1314010826E-03
   14      1.0503120544E-03   5.1095489979E-04   3.6297169392E-03   4.4350628748E-03   1.3392174239E-01
   15     -1.2730474218E-04  -6.7716820044E-03   3.8010773864E-03  -7.2056395706E-03  -2.1998569483E-01
   16      2.3261612448E-04  -1.0039562654E-02  -3.5330150850E-03  -2.4937916566E-02  -3.8232411517E-02
   17      3.5185897718E-05   3.9996413109E-03  -6.7727783931E-05  -1.4274747332E-03  -1.6998142270E-01
   18      3.2877948686E-03  -1.2295414745E-03   4.2036275824E-04  -5.8663941134E-04   6.5378591147E-03
   19      2.9080051221E-02  -8.0312208330E-04   5.6700629393E-04   3.5196110085E-04   1.2116636539E-03
   20     -8.8939601312E-03   2.1687402418E-04   1.9610823886E-04  -1.0820758877E-04  -2.0196209595E-03
   21     -1.2781577094E-03  -3.7281212558E-03   2.0796443981E-03  -7.2144172543E-04   4.7652773257E-03
   22     -1.6432415804E-02  -1.4186409154E-03  -3.6869579673E-03   2.3245524646E-03   2.4011369768E-03
   23      8.3879559692E-03  -7.6381969869E-04   3.0078599464E-03  -6.4254220896E-04   1.4569462901E-03
   24     -5.7200259583E-02  -2.0313879012E-02  -1.5200848777E-02  -6.6643236116E-03  -3.5214180585E-03
   25     -4.1746923711E-02   1.0924490031E-02   8.7591784755E-03   3.3884383296E-03   4.2847805715E-03
   26     -6.8045377985E-02   1.0101479834E-02   6.7846394465E-03   1.9750762047E-03   1.5118056760E-03
   27     -1.1341305139E-02   1.1926328670E-04   2.2806280076E-03   2.9960263801E-02   1.2242153676E-03
   28     -1.1553517135E-02   2.9134851956E-04  -2.3974490440E-03  -1.5103781196E-02   2.1224436801E-04
   29     -3.1340719382E-01   1.7552764679E-04  -1.1902740202E-03  -9.9766951658E-03  -5.8735508135E-04
   30     -1.5623029137E-02  -7.6080719843E-02   6.7971392902E-02  -4.6508156148E-02   4.4465978986E-03
   31      4.1598156485E-03   6.9565786811E-02  -2.0980824798E-01   1.1137012079E-01   7.6069621820E-03
   32      6.2057408673E-03  -4.8298567348E-02   1.1256217307E-01  -1.2370404719E-01   1.9789077887E-04
   33      3.0402642531E-02  -4.6578704262E-02  -6.9361890221E-03  -3.0692186697E-02  -7.4557869877E-03
   34     -9.1186319479E-03  -7.2943188388E-03  -6.8936601676E-02  -6.7388543690E-02  -6.4473728228E-03
   35     -1.0803631525E-02  -3.0831128430E-02  -6.6452538682E-02  -2.8928522512E-01  -1.1010177372E-03
   36      1.1367661903E-03  -8.1746824163E-03   1.0342128192E-02  -4.8124721212E-03   7.3267419783E-02
   37      1.8939091199E-03   4.3666551564E-03  -2.7622545576E-02   8.5032350742E-03  -2.1257915764E-02
   38      7.8212597037E-04   1.8840738815E-03  -7.6895652277E-04   4.0114927516E-03  -5.8058058051E-03
   39     -1.2786129649E-04  -2.3810950186E-04  -2.0839322325E-04  -4.9041069960E-03  -3.9241084856E-03
   40     -1.0130982789E-04   2.9325576523E-04  -1.1868717650E-05   3.3984197084E-04   1.6413449959E-03
   41      1.3698565247E-04   5.3561912636E-04   2.8623015287E-04   9.0179466760E-04   3.2134487672E-07
   42     -4.8024827089E-05   1.7694629144E-03   1.0589808136E-03   1.3987028586E-03  -1.0614123613E-02
   43      4.1882123425E-05  -1.8204134733E-04   1.5583061729E-03   3.0337926065E-05  -2.9744602363E-03
   44      5.3287668913E-05  -3.0689125149E-04   3.7356589995E-04   7.5104653862E-05   2.5872627602E-03
                   10                 11                 12                 13                 14        
    0      8.1475252944E-02  -5.8098249871E-03   2.9906583331E-03   3.6095674935E-03  -1.2098033880E-05
    1      1.2829472947E-02   2.1812761511E-03   2.8550154527E-03  -7.4567081531E-04  -6.9112961903E-04
    2     -5.6279065893E-03   9.5143837556E-03  -1.7434339131E-03   1.5698464869E-03   5.3471305884E-05
    3     -1.2600048656E-02   1.5839659704E-02  -4.8035037669E-03  -1.6850330087E-03  -3.0380630943E-03
    4      3.9121615654E-03   1.0580266996E-02  -2.0721644744E-03  -4.6119511631E-03  -1.1092406308E-03
    5      2.2478403619E-03   1.3500177766E-03  -2.0621342758E-03  -5.6196960202E-04   1.0503120544E-03
    6     -6.4426176544E-02  -6.4465608501E-03  -2.0671921396E-02  -2.0280835280E-02   5.1095489979E-04
    7     -1.6270951917E-01  -1.1387871858E-02   2.7927003560E-03   1.0056103290E-02   3.6297169392E-03
    8     -1.1608841287E-02  -7.6923133130E-02   1.5627193679E-02   2.2377102754E-02   4.4350628748E-03
    9      1.5355033542E-01   4.0265241241E-02  -2.2868101580E-01   6.1314010826E-03   1.3392174239E-01
   10      3.0525758130E-01   2.8413251182E-02  -1.6171579063E-02  -5.6493185698E-02  -5.5003363055E-04
   11      2.8413251182E-02   2.8840435559E-01   1.0811112296E-01  -1.4835986657E-02  -9.7673090901E-02
   12     -1.6171579063E-02   1.0811112296E-01   2.8061283626E-01   8.3304159950E-03  -1.2814260293E-01
   13     -5.6493185698E-02  -1.4835986657E-02   8.3304159950E-03   8.3836099181E-02   3.3204574017E-02
   14     -5.5003363055E-04  -9.7673090901E-02  -1.2814260293E-01   3.3204574017E-02   3.7295076677E-01
   15     -4.4970666570E-02  -1.2372633219E-01  -1.9315669535E-02   2.8241249789E-03  -1.3108530826E-02
   16     -5.1290813145E-02   2.6901853544E-03   7.1774498125E-03  -5.5391552296E-02  -2.8519556633E-02
   17     -1.6565187480E-02  -7.3754859847E-02   3.4913310963E-02  -2.0787279806E-02  -2.4283540332E-01
   18     -5.0850979882E-03   1.1582804164E-03  -2.8782630714E-03   4.7573812299E-04   7.9519370880E-04
   19     -1.6380147101E-03   1.5190325972E-04  -5.8546150750E-04   2.5129971780E-04   1.6890259818E-04
   20      1.9582703572E-03   2.5425097936E-04   1.8687075061E-04  -2.1099608837E-05   1.8047204233E-05
   21     -2.5417564088E-03  -1.5875619623E-03  -1.6034027325E-03  -2.9746658615E-04   2.4575084388E-04
   22     -2.8813147918E-03  -1.5190734933E-04  -6.6180919373E-04   2.2898183006E-04   1.6324728744E-04
   23     -6.1384231200E-04   5.0182701971E-05  -2.7377006142E-04   9.0966714097E-05   5.7941334912E-05
   24      4.7012296805E-03   1.8628326536E-03  -4.7247831047E-04  -1.6288199036E-03  -1.7576287858E-04
   25     -3.0046381617E-03  -1.4117894571E-03  -6.2729331285E-05   7.7788504282E-04   1.2819349393E-04
   26      1.1037246354E-03  -8.9877942139E-04   1.0430634421E-03   1.9969625847E-04   6.0471731580E-04
   27      1.0776611374E-03   6.7022104419E-04  -5.8385472163E-05  -2.5377541807E-04  -8.0715945534E-04
   28     -4.8778823490E-04   3.8374877847E-04  -1.9619663064E-04   1.5987035282E-05   2.0584594416E-05
   29     -2.1003128532E-04  -2.2555988427E-04   3.4484214564E-04   7.2761441416E-05   3.3878425055E-04
   30     -1.6321073080E-02   1.1815608842E-02   3.5333313010E-05   1.1410962900E-03  -8.0961088794E-05
   31     -1.9258443662E-02   1.0912530338E-02  -9.9620320841E-04   1.9553006807E-04   8.1586181562E-05
   32     -1.4304159316E-03   7.0217071732E-04   5.2741808394E-05   7.5361553895E-05  -2.5584184733E-04
   33     -8.0416131231E-03  -2.3215345246E-02   2.4985957391E-03   3.1916688828E-03   1.9492801843E-03
   34     -8.9211457150E-03  -2.6492011178E-02   1.8827479454E-03   2.9350783565E-03   2.3598815458E-03
   35     -5.6200449606E-04  -1.4638195531E-03  -1.5305135697E-03  -2.7225631026E-04   1.3010485853E-03
   36     -6.8185358167E-02   1.3905603230E-03  -1.6420038506E-02  -1.8778218534E-03  -1.2842000423E-04
   37     -2.1558290015E-02   3.6541631357E-03   2.1930781547E-03   5.9763884916E-03  -1.9553460082E-03
   38      4.8564348765E-03  -3.2505795433E-02   9.1741065647E-03  -1.1050848410E-02   2.1615056095E-03
   39     -2.7372474481E-02  -4.8102810722E-03   2.5730403551E-03   1.2958194053E-02   2.2916439999E-03
   40      2.0188371255E-03  -1.1421825342E-03  -1.7676750458E-03   4.4945218576E-03  -4.1703594111E-03
   41      6.9644227919E-04  -8.4872022029E-03  -1.4468639211E-02  -3.0316179207E-02  -1.8034323874E-02
   42      2.4947185674E-02  -1.5447274860E-02   6.1942145866E-03  -1.2655773600E-02   5.7441426845E-03
   43      4.2251003686E-03  -3.5504297206E-03  -2.7002705105E-03   8.4744851014E-03  -2.7628833850E-03
   44     -2.1028471203E-03  -8.3431211433E-03  -2.1197268766E-02   2.0257173034E-02  -2.4172997364E-02
                   15                 16                 17                 18                 19        
    0      2.3067379951E-03  -4.3258968605E-03  -2.4563507666E-03  -4.9746017381E-02   1.2454225678E-02
    1      1.0967613036E-03  -2.2211850260E-03  -6.2494783216E-04   1.3048756244E-02  -5.0023695016E-02
    2      2.0964827320E-03  -7.5597279442E-04   4.0086930297E-04  -8.9859740885E-02   1.0177031574E-02
    3     -1.6766055686E-03   1.9286863749E-03   1.5877741343E-03   5.0919950317E-04   8.7346564588E-03
    4     -8.8136839549E-04  -3.4993605618E-04   1.4840564690E-04  -2.9155848848E-03   8.1646546657E-04
    5     -1.2730474218E-04   2.3261612448E-04   3.5185897718E-05   3.2877948686E-03   2.9080051221E-02
    6     -6.7716820044E-03  -1.0039562654E-02   3.9996413109E-03  -1.2295414745E-03  -8.0312208330E-04
    7      3.8010773864E-03  -3.5330150850E-03  -6.7727783931E-05   4.2036275824E-04   5.6700629393E-04
    8     -7.2056395706E-03  -2.4937916566E-02  -1.4274747332E-03  -5.8663941134E-04   3.5196110085E-04
    9     -2.1998569483E-01  -3.8232411517E-02  -1.6998142270E-01   6.5378591147E-03   1.2116636539E-03
   10     -4.4970666570E-02  -5.1290813145E-02  -1.6565187480E-02  -5.0850979882E-03  -1.6380147101E-03
   11     -1.2372633219E-01   2.6901853544E-03  -7.3754859847E-02   1.1582804164E-03   1.5190325972E-04
   12     -1.9315669535E-02   7.1774498125E-03   3.4913310963E-02  -2.8782630714E-03  -5.8546150750E-04
   13      2.8241249789E-03  -5.5391552296E-02  -2.0787279806E-02   4.7573812299E-04   2.5129971780E-04
   14     -1.3108530826E-02  -2.8519556633E-02  -2.4283540332E-01   7.9519370880E-04   1.6890259818E-04
   15      4.0528022215E-01   1.3194547041E-02   2.1642709774E-01   6.8476701901E-04   8.1251952320E-05
   16      1.3194547041E-02   6.4670525161E-01   3.7010279275E-03   5.2156041636E-04   1.3571712767E-04
   17      2.1642709774E-01   3.7010279275E-03   4.8895810937E-01   5.9428894766E-04   1.8155687650E-04
   18      6.8476701901E-04   5.2156041636E-04   5.9428894766E-04   5.2103316722E-02  -1.0663245912E-02
   19      8.1251952320E-05   1.3571712767E-04   1.8155687650E-04  -1.0663245912E-02   5.0075478370E-02
   20      1.4105349692E-04  -3.9261726175E-04  -2.7648743902E-05   8.4986911994E-02  -1.8147141950E-02
   21     -6.1053360008E-04   1.1193751552E-03   3.1848517773E-04   6.0080117223E-03  -7.7136441093E-03
   22     -1.1451317719E-04   5.2685039912E-04   2.0235491769E-04  -6.1435533718E-04   3.0632186842E-03
   23     -2.1397848041E-06  -1.2099020787E-04   4.9781907853E-05   1.3151714788E-02  -1.9598273748E-02
   24     -1.1425420680E-04  -2.3525200674E-04   3.5099709809E-05   6.1092535026E-04  -3.9016716503E-04
   25      3.4572953629E-05   6.0533565195E-04   2.1031568627E-04   1.1125136659E-03   1.9481232177E-03
   26      5.5882933161E-04   1.9666706090E-05  -2.7250605554E-04   1.8259831225E-04  -4.8204041265E-04
   27     -5.4909899440E-04  -1.6491852137E-04  -1.4566096541E-05   1.0558376999E-03   1.1717394505E-03
   28     -7.4474985237E-06   4.1887810853E-04   3.2419162354E-05  -8.5466772103E-04  -5.4786360476E-03
   29      3.9785786423E-04   1.6326762734E-04  -1.2617920756E-04   4.6420859165E-04   2.0644814271E-03
   30      1.5852742655E-03   4.0419954448E-04   1.8379664402E-07   5.3581045786E-04   9.7176114326E-05
   31      1.0165661436E-03   2.0351098256E-03  -8.8978462749E-05   4.0084252122E-04  -1.6208517537E-04
   32      8.2279733946E-04  -6.4183464444E-04   1.0461127602E-03   1.8683028265E-04  -5.1910246973E-04
   33     -2.0357314930E-04  -4.9103637082E-03  -1.2166938473E-03  -7.5019842366E-05   2.2465772975E-04
   34      6.1888241775E-04  -3.5667562444E-03  -8.1523714124E-04   3.4544248761E-04  -1.6308788073E-04
   35      1.5131810253E-03  -1.0189658035E-05   6.2968731003E-04   8.3020008449E-05  -5.0712858872E-04
   36     -7.4759048365E-03   9.8844689498E-03   5.1332590820E-03  -1.4099449572E-02  -3.8112008045E-03
   37     -1.2160003999E-03   3.1777679776E-04  -2.2412316520E-03   3.8375191988E-03   6.0508935203E-04
   38     -6.0824876913E-03   1.1284026397E-02  -2.5751964172E-03  -1.4464285500E-02  -2.9571791091E-03
   39     -6.2135036566E-02  -6.5257265850E-02  -2.5851125433E-02   3.7386325557E-07   3.6137128175E-05
   40     -6.2291826449E-02  -3.0490392100E-01  -6.9379229544E-02  -2.9354484890E-05   2.3565593009E-07
   41     -1.9024004018E-02  -6.4332570904E-02  -6.3694129184E-02  -6.1078629212E-05  -2.5617582040E-05
   42     -9.1018948132E-02   8.8932970212E-02  -6.3474146120E-02  -1.7810110428E-05  -5.1736990525E-05
   43      8.6816451925E-02  -2.2948774066E-01   1.0611810004E-01   6.6413183203E-06   2.8849441248E-06
   44     -5.2695696611E-02   1.0159649798E-01  -1.0640634904E-01   7.0689188806E-05   2.5128876510E-05
                   20                 21                 22                 23                 24        
    0     -7.6727077012E-02  -7.1809963117E-02   8.5724126643E-02   6.6143250548E-02   2.9526091878E-03
    1      1.4044898305E-02   9.4207682435E-02  -1.9094494174E-01  -1.2158841819E-01   2.5797497063E-03
    2     -3.0624695893E-01   7.2508000760E-02  -1.1809433723E-01  -1.5074487773E-01   2.3076264157E-03
    3     -2.1881021634E-03   2.6474764728E-03   1.1816804076E-02  -6.2547712411E-03  -2.0691519615E-01
    4     -9.5824446151E-04  -3.9084475377E-03  -1.2521149211E-02   9.7320197239E-03  -1.1788594950E-01
    5     -8.8939601312E-03  -1.2781577094E-03  -1.6432415804E-02   8.3879559692E-03  -5.7200259583E-02
    6      2.1687402418E-04  -3.7281212558E-03  -1.4186409154E-03  -7.6381969869E-04  -2.0313879012E-02
    7      1.9610823886E-04   2.0796443981E-03  -3.6869579673E-03   3.0078599464E-03  -1.5200848777E-02
    8     -1.0820758877E-04  -7.2144172543E-04   2.3245524646E-03  -6.4254220896E-04  -6.6643236116E-03
    9     -2.0196209595E-03   4.7652773257E-03   2.4011369768E-03   1.4569462901E-03  -3.5214180585E-03
   10      1.9582703572E-03  -2.5417564088E-03  -2.8813147918E-03  -6.1384231200E-04   4.7012296805E-03
   11      2.5425097936E-04  -1.5875619623E-03  -1.5190734933E-04   5.0182701971E-05   1.8628326536E-03
   12      1.8687075061E-04  -1.6034027325E-03  -6.6180919373E-04  -2.7377006142E-04  -4.7247831047E-04
   13     -2.1099608837E-05  -2.9746658615E-04   2.2898183006E-04   9.0966714097E-05  -1.6288199036E-03
   14      1.8047204233E-05   2.4575084388E-04   1.6324728744E-04   5.7941334912E-05  -1.7576287858E-04
   15      1.4105349692E-04  -6.1053360008E-04  -1.1451317719E-04  -2.1397848041E-06  -1.1425420680E-04
   16     -3.9261726175E-04   1.1193751552E-03   5.2685039912E-04  -1.2099020787E-04  -2.3525200674E-04
   17     -2.7648743902E-05   3.1848517773E-04   2.0235491769E-04   4.9781907853E-05   3.5099709809E-05
   18      8.4986911994E-02   6.0080117223E-03  -6.1435533718E-04   1.3151714788E-02   6.1092535026E-04
   19     -1.8147141950E-02  -7.7136441093E-03   3.0632186842E-03  -1.9598273748E-02  -3.9016716503E-04
   20      3.2538098249E-01  -6.9338619280E-03   2.3185697499E-03  -1.2903719843E-02   2.2253366844E-04
   21     -6.9338619280E-03   7.3103389354E-02  -9.4077713258E-02  -7.1293942506E-02  -6.5653327699E-04
   22      2.3185697499E-03  -9.4077713258E-02   2.0286597909E-01   1.2756414037E-01   5.3079376721E-05
   23     -1.2903719843E-02  -7.1293942506E-02   1.2756414037E-01   1.5466065967E-01   1.5735671734E-04
   24      2.2253366844E-04  -6.5653327699E-04   5.3079376721E-05   1.5735671734E-04   2.2608543585E-01
   25     -1.3645040185E-04  -2.3407029060E-04  -1.4870234904E-03   6.3500017243E-04   1.2855298484E-01
   26      8.6764234839E-04   5.1036868494E-06   2.4011992493E-04  -9.7939885794E-05   6.0020072903E-02
   27     -1.8868385147E-04   1.4901015420E-04  -1.7979845488E-04  -6.3010294373E-05  -4.0078705752E-04
   28      2.2655154278E-03   4.2052482780E-04   1.7626692335E-03  -6.4600906100E-04   1.9337755386E-05
   29      7.2831025446E-04  -7.7888182880E-05  -9.2527413868E-06   1.2881823801E-03  -4.3663947497E-04
   30     -2.6562823905E-04   3.8294251949E-04   1.4986026227E-03  -5.7713384006E-04  -5.5696992850E-04
   31     -1.1668649474E-05   3.9509929876E-04  -1.6995803749E-04   6.0117428288E-04   2.9890455390E-04
   32      1.5095131514E-04   4.7415145010E-04  -5.8402563429E-04   4.0982816187E-04  -1.0915947830E-04
   33     -4.2224348052E-04   1.0664783336E-04  -4.2009647499E-05  -1.9710134921E-04   1.8805866570E-03
   34      1.0348702627E-04   3.1914845174E-05   2.4643992955E-05   2.7828163070E-04  -3.1832906870E-04
   35      7.0562638333E-05   1.1337959236E-04  -8.2186491444E-05   1.8858088068E-04  -1.8797756997E-06
   36      2.9226765600E-03  -8.4552101882E-03  -4.3190060009E-03  -1.4844914334E-03   1.4549494789E-03
   37     -1.1921178152E-03   1.0587727599E-02   3.1926687416E-03   6.1584894062E-04  -4.9543901897E-04
   38      7.3150353940E-04   8.2540849217E-03   2.5910063889E-03  -7.4161138258E-04   6.1797881785E-05
   39     -9.2825376448E-06  -8.9011865283E-05   8.0308671440E-05  -1.1581254760E-05  -6.6537523505E-05
   40     -1.1566201598E-06  -4.2497838741E-05   3.1116305471E-05   4.4275127227E-06  -1.2911457582E-05
   41      2.4253653292E-06  -5.7760892161E-05  -2.8630454629E-05   2.1697655569E-05   7.0282698384E-08
   42      8.7792994558E-05  -2.0997934602E-04  -1.0949923438E-04   4.5561586606E-05   3.3547003248E-05
   43      9.1145890912E-06  -6.3085677449E-05  -4.7830448428E-06   2.5447912925E-05  -4.1419608830E-05
   44     -2.4180901074E-05  -1.4099933736E-06  -8.8690860609E-06   1.5880394039E-05  -7.6598521584E-05
                   25                 26                 27                 28                 29        
    0     -1.8958873644E-02   8.1172683164E-03  -9.6621804901E-04   2.7566620533E-03  -1.1618773018E-03
    1     -1.8293080078E-02   6.3437942888E-03   4.6639469713E-04  -8.3215362097E-04  -9.0977843473E-05
    2     -6.4488325061E-03   3.5148184645E-03  -3.4600609286E-03   3.3455268373E-02  -1.0936801529E-02
    3     -1.2204775057E-01  -5.8518402076E-02  -4.9675256173E-02  -3.6593096104E-03  -1.1024563523E-02
    4     -1.2976097556E-01  -4.1003181422E-02  -3.4318277008E-03  -4.7153153679E-02  -1.0493455163E-02
    5     -4.1746923711E-02  -6.8045377985E-02  -1.1341305139E-02  -1.1553517135E-02  -3.1340719382E-01
    6      1.0924490031E-02   1.0101479834E-02   1.1926328670E-04   2.9134851956E-04   1.7552764679E-04
    7      8.7591784755E-03   6.7846394465E-03   2.2806280076E-03  -2.3974490440E-03  -1.1902740202E-03
    8      3.3884383296E-03   1.9750762047E-03   2.9960263801E-02  -1.5103781196E-02  -9.9766951658E-03
    9      4.2847805715E-03   1.5118056760E-03   1.2242153676E-03   2.1224436801E-04  -5.8735508135E-04
   10     -3.0046381617E-03   1.1037246354E-03   1.0776611374E-03  -4.8778823490E-04  -2.1003128532E-04
   11     -1.4117894571E-03  -8.9877942139E-04   6.7022104419E-04   3.8374877847E-04  -2.2555988427E-04
   12     -6.2729331285E-05   1.0430634421E-03  -5.8385472163E-05  -1.9619663064E-04   3.4484214564E-04
   13      7.7788504282E-04   1.9969625847E-04  -2.5377541807E-04   1.5987035282E-05   7.2761441416E-05
   14      1.2819349393E-04   6.0471731580E-04  -8.0715945534E-04   2.0584594416E-05   3.3878425055E-04
   15      3.4572953629E-05   5.5882933161E-04  -5.4909899440E-04  -7.4474985237E-06   3.9785786423E-04
   16      6.0533565195E-04   1.9666706090E-05  -1.6491852137E-04   4.1887810853E-04   1.6326762734E-04
   17      2.1031568627E-04  -2.7250605554E-04  -1.4566096541E-05   3.2419162354E-05  -1.2617920756E-04
   18      1.1125136659E-03   1.8259831225E-04   1.0558376999E-03  -8.5466772103E-04   4.6420859165E-04
   19      1.9481232177E-03  -4.8204041265E-04   1.1717394505E-03  -5.4786360476E-03   2.0644814271E-03
   20     -1.3645040185E-04   8.6764234839E-04  -1.8868385147E-04   2.2655154278E-03   7.2831025446E-04
   21     -2.3407029060E-04   5.1036868494E-06   1.4901015420E-04   4.2052482780E-04  -7.7888182880E-05
   22     -1.4870234904E-03   2.4011992493E-04  -1.7979845488E-04   1.7626692335E-03  -9.2527413868E-06
   23      6.3500017243E-04  -9.7939885794E-05  -6.3010294373E-05  -6.4600906100E-04   1.2881823801E-03
   24      1.2855298484E-01   6.0020072903E-02  -4.0078705752E-04   1.9337755386E-05  -4.3663947497E-04
   25      1.4229947728E-01   4.4129648086E-02  -3.2107263145E-04  -6.8024246058E-04  -4.0981676875E-04
   26      4.4129648086E-02   7.0129096176E-02  -2.5827583473E-02  -1.8446184830E-02  -8.1669954052E-03
   27     -3.2107263145E-04  -2.5827583473E-02   5.1912389318E-02  -1.6788200041E-03   9.7811170475E-03
   28     -6.8024246058E-04  -1.8446184830E-02  -1.6788200041E-03   5.4478383468E-02   1.0561345703E-02
   29     -4.0981676875E-04  -8.1669954052E-03   9.7811170475E-03   1.0561345703E-02   3.3888403322E-01
   30     -1.4633543890E-04  -2.1513222622E-04   1.7681480946E-03  -6.5880817123E-04   1.4894633043E-05
   31     -1.1851953780E-04  -1.7625809956E-04  -3.2136657594E-04   3.2984753600E-04  -1.5627665291E-04
   32      3.3856998407E-04   2.2087747723E-05  -6.7179650768E-04  -1.0296837637E-05   9.5308521820E-04
   33     -8.2932741026E-04  -2.9231852074E-04  -4.7908226214E-03   3.2744703970E-03   1.8966984174E-03
   34      6.2120208191E-04   6.0147084276E-04   1.2919903520E-03  -1.2942526285E-04  -4.1703880025E-04
   35      3.6458835736E-04   8.0990669184E-04   2.0089783674E-03  -8.7404763997E-04   8.3346027635E-04
   36     -2.2809887297E-03   3.1981858497E-03   3.3044660034E-04   3.3261881780E-05   2.1182268414E-05
   37     -1.6786138497E-03   6.4345529499E-04   1.9225422273E-05   1.9001130606E-04   1.1020722098E-04
   38      9.3728602946E-04  -4.6704514975E-04   8.0080888506E-06  -1.4659393550E-04  -2.2279120112E-04
   39      9.2803610093E-05   3.8779838389E-05  -2.7044468854E-05   4.8070805797E-05   1.0073083039E-04
   40     -1.3077220712E-05   3.9236248205E-05   5.1512193755E-06  -1.7449674428E-05   3.5574410841E-05
   41     -2.2138090888E-05   1.0970631929E-05  -4.0735207864E-05   2.5634717313E-05   3.3796901259E-05
   42     -1.1714702430E-04   7.3482197041E-05  -9.1697685658E-05  -3.0120095110E-06   8.2383274481E-05
   43      2.4968607491E-05   5.5679713925E-08   4.1130057339E-05  -1.9478662813E-05  -2.3014558849E-05
   44      4.6068148414E-05   1.4328322062E-05  -4.8065499673E-06   2.8413882508E-05   2.5637088891E-06
                   30                 31                 32                 33                 34        
    0     -5.4965325035E-03   2.4450800297E-04   1.7088328748E-03   3.1290097508E-04  -1.1980549907E-04
    1      6.0372832886E-04  -1.1992992807E-03  -1.9706341812E-03  -1.2708633947E-03   5.0560744251E-04
    2      3.3931061925E-03  -7.0828974602E-04  -2.2703429241E-04  -1.5622295927E-04  -2.4986481011E-04
    3     -5.6946040935E-03   1.2359021675E-03   3.0557676864E-03   1.5584203488E-03  -1.4781018841E-03
    4      1.9778228035E-02  -6.1086953295E-03  -1.0724322000E-02   8.5143196091E-03  -3.0211141163E-03
    5     -1.5623029137E-02   4.1598156485E-03   6.2057408673E-03   3.0402642531E-02  -9.1186319479E-03
    6     -7.6080719843E-02   6.9565786811E-02  -4.8298567348E-02  -4.6578704262E-02  -7.2943188388E-03
    7      6.7971392902E-02  -2.0980824798E-01   1.1256217307E-01  -6.9361890221E-03  -6.8936601676E-02
    8     -4.6508156148E-02   1.1137012079E-01  -1.2370404719E-01  -3.0692186697E-02  -6.7388543690E-02
    9      4.4465978986E-03   7.6069621820E-03   1.9789077887E-04  -7.4557869877E-03  -6.4473728228E-03
   10     -1.6321073080E-02  -1.9258443662E-02  -1.4304159316E-03  -8.0416131231E-03  -8.9211457150E-03
   11      1.1815608842E-02   1.0912530338E-02   7.0217071732E-04  -2.3215345246E-02  -2.6492011178E-02
   12      3.5333313010E-05  -9.9620320841E-04   5.2741808394E-05   2.4985957391E-03   1.8827479454E-03
   13      1.1410962900E-03   1.9553006807E-04   7.5361553895E-05   3.1916688828E-03   2.9350783565E-03
   14     -8.0961088794E-05   8.1586181562E-05  -2.5584184733E-04   1.9492801843E-03   2.3598815458E-03
   15      1.5852742655E-03   1.0165661436E-03   8.2279733946E-04  -2.0357314930E-04   6.1888241775E-04
   16      4.0419954448E-04   2.0351098256E-03  -6.4183464444E-04  -4.9103637082E-03  -3.5667562444E-03
   17      1.8379664402E-07  -8.8978462749E-05   1.0461127602E-03  -1.2166938473E-03  -8.1523714124E-04
   18      5.3581045786E-04   4.0084252122E-04   1.8683028265E-04  -7.5019842366E-05   3.4544248761E-04
   19      9.7176114326E-05  -1.6208517537E-04  -5.1910246973E-04   2.2465772975E-04  -1.6308788073E-04
   20     -2.6562823905E-04  -1.1668649474E-05   1.5095131514E-04  -4.2224348052E-04   1.0348702627E-04
   21      3.8294251949E-04   3.9509929876E-04   4.7415145010E-04   1.0664783336E-04   3.1914845174E-05
   22      1.4986026227E-03  -1.6995803749E-04  -5.8402563429E-04  -4.2009647499E-05   2.4643992955E-05
   23     -5.7713384006E-04   6.0117428288E-04   4.0982816187E-04  -1.9710134921E-04   2.7828163070E-04
   24     -5.5696992850E-04   2.9890455390E-04  -1.0915947830E-04   1.8805866570E-03  -3.1832906870E-04
   25     -1.4633543890E-04  -1.1851953780E-04   3.3856998407E-04  -8.2932741026E-04   6.2120208191E-04
   26     -2.1513222622E-04  -1.7625809956E-04   2.2087747723E-05  -2.9231852074E-04   6.0147084276E-04
   27      1.7681480946E-03  -3.2136657594E-04  -6.7179650768E-04  -4.7908226214E-03   1.2919903520E-03
   28     -6.5880817123E-04   3.2984753600E-04  -1.0296837637E-05   3.2744703970E-03  -1.2942526285E-04
   29      1.4894633043E-05  -1.5627665291E-04   9.5308521820E-04   1.8966984174E-03  -4.1703880025E-04
   30      7.8555314712E-02  -7.5558230053E-02   5.0652964995E-02  -1.3725523847E-03   2.8713714238E-03
   31     -7.5558230053E-02   2.2899457718E-01  -1.2048581138E-01  -3.3005241553E-03   7.9873558161E-03
   32      5.0652964995E-02  -1.2048581138E-01   1.2934399854E-01  -9.8495800158E-03   2.4445124674E-02
   33     -1.3725523847E-03  -3.3005241553E-03  -9.8495800158E-03   5.4950924879E-02   1.0060068566E-02
   34      2.8713714238E-03   7.9873558161E-03   2.4445124674E-02   1.0060068566E-02   7.2167708512E-02
   35     -1.8070706701E-03  -4.8490212164E-03  -1.5025600940E-02   3.1313516967E-02   7.6059079699E-02
   36      2.1174274803E-03   3.2161225863E-04   1.3432241501E-03   1.1064218762E-04  -2.0396934618E-04
   37     -2.3914698268E-03  -2.8831387051E-03  -1.3584062877E-03  -3.5787582652E-06   2.9048809957E-04
   38     -3.5871821445E-04  -1.6802812907E-04   3.3630509829E-04   1.7854236714E-04   4.6658671416E-04
   39      4.6654039054E-05   2.3571121707E-04   2.3045580430E-05  -1.4094333998E-03  -1.0791532431E-03
   40      7.7885175289E-05   2.0545170717E-04  -3.2560875340E-05  -1.6558992321E-07   2.1960934278E-04
   41     -1.6262015045E-04  -3.2671772234E-04   6.1408713835E-05   3.1196991509E-04   1.3258600346E-04
   42     -2.7212402653E-04  -1.1431477747E-03   4.0299473038E-04   4.6717402692E-04  -1.7306409526E-04
   43      6.2981274515E-04  -3.9484425930E-05   3.4772894577E-04   8.1146384233E-05  -1.3562749613E-05
   44     -2.7044707059E-04  -1.6572515140E-04  -1.9164867957E-05   2.0726072879E-05   2.5288782981E-05
                   35                 36                 37                 38                 39        
    0     -5.9854913542E-05   8.5284468112E-02  -5.0521928973E-02   1.6906691877E-03  -7.2039959940E-04
    1      2.9021142662E-06   1.4659165454E-02  -3.0360656744E-02  -1.7616092529E-03  -1.1024907957E-04
    2      4.9606290655E-04  -9.1175879656E-03   1.6442706062E-03  -2.9867525705E-02  -5.4581172956E-05
    3     -2.8107314483E-06  -2.0967455529E-02  -6.8055332537E-03   6.9362691036E-03   4.3355071620E-04
    4     -2.3531585564E-03  -1.7461523264E-02  -1.0344038165E-02   6.4681948085E-03  -5.3338005314E-05
    5     -1.0803631525E-02   1.1367661903E-03   1.8939091199E-03   7.8212597037E-04  -1.2786129649E-04
    6     -3.0831128430E-02  -8.1746824163E-03   4.3666551564E-03   1.8840738815E-03  -2.3810950186E-04
    7     -6.6452538682E-02   1.0342128192E-02  -2.7622545576E-02  -7.6895652277E-04  -2.0839322325E-04
    8     -2.8928522512E-01  -4.8124721212E-03   8.5032350742E-03   4.0114927516E-03  -4.9041069960E-03
    9     -1.1010177372E-03   7.3267419783E-02  -2.1257915764E-02  -5.8058058051E-03  -3.9241084856E-03
   10     -5.6200449606E-04  -6.8185358167E-02  -2.1558290015E-02   4.8564348765E-03  -2.7372474481E-02
   11     -1.4638195531E-03   1.3905603230E-03   3.6541631357E-03  -3.2505795433E-02  -4.8102810722E-03
   12     -1.5305135697E-03  -1.6420038506E-02   2.1930781547E-03   9.1741065647E-03   2.5730403551E-03
   13     -2.7225631026E-04  -1.8778218534E-03   5.9763884916E-03  -1.1050848410E-02   1.2958194053E-02
   14      1.3010485853E-03  -1.2842000423E-04  -1.9553460082E-03   2.1615056095E-03   2.2916439999E-03
   15      1.5131810253E-03  -7.4759048365E-03  -1.2160003999E-03  -6.0824876913E-03  -6.2135036566E-02
   16     -1.0189658035E-05   9.8844689498E-03   3.1777679776E-04   1.1284026397E-02  -6.5257265850E-02
   17      6.2968731003E-04   5.1332590820E-03  -2.2412316520E-03  -2.5751964172E-03  -2.5851125433E-02
   18      8.3020008449E-05  -1.4099449572E-02   3.8375191988E-03  -1.4464285500E-02   3.7386325557E-07
   19     -5.0712858872E-04  -3.8112008045E-03   6.0508935203E-04  -2.9571791091E-03   3.6137128175E-05
   20      7.0562638333E-05   2.9226765600E-03  -1.1921178152E-03   7.3150353940E-04  -9.2825376448E-06
   21      1.1337959236E-04  -8.4552101882E-03   1.0587727599E-02   8.2540849217E-03  -8.9011865283E-05
   22     -8.2186491444E-05  -4.3190060009E-03   3.1926687416E-03   2.5910063889E-03   8.0308671440E-05
   23      1.8858088068E-04  -1.4844914334E-03   6.1584894062E-04  -7.4161138258E-04  -1.1581254760E-05
   24     -1.8797756997E-06   1.4549494789E-03  -4.9543901897E-04   6.1797881785E-05  -6.6537523505E-05
   25      3.6458835736E-04  -2.2809887297E-03  -1.6786138497E-03   9.3728602946E-04   9.2803610093E-05
   26      8.0990669184E-04   3.1981858497E-03   6.4345529499E-04  -4.6704514975E-04   3.8779838389E-05
   27      2.0089783674E-03   3.3044660034E-04   1.9225422273E-05   8.0080888506E-06  -2.7044468854E-05
   28     -8.7404763997E-04   3.3261881780E-05   1.9001130606E-04  -1.4659393550E-04   4.8070805797E-05
   29      8.3346027635E-04   2.1182268414E-05   1.1020722098E-04  -2.2279120112E-04   1.0073083039E-04
   30     -1.8070706701E-03   2.1174274803E-03  -2.3914698268E-03  -3.5871821445E-04   4.6654039054E-05
   31     -4.8490212164E-03   3.2161225863E-04  -2.8831387051E-03  -1.6802812907E-04   2.3571121707E-04
   32     -1.5025600940E-02   1.3432241501E-03  -1.3584062877E-03   3.3630509829E-04   2.3045580430E-05
   33      3.1313516967E-02   1.1064218762E-04  -3.5787582652E-06   1.7854236714E-04  -1.4094333998E-03
   34      7.6059079699E-02  -2.0396934618E-04   2.9048809957E-04   4.6658671416E-04  -1.0791532431E-03
   35      3.1196865781E-01   2.7505467551E-05  -5.4406754451E-04  -5.1835434485E-05   3.2776960120E-06
   36      2.7505467551E-05  -8.9350163104E-02   6.3128348071E-02  -5.4932514483E-04   1.1248351021E-03
   37     -5.4406754451E-04   6.3128348071E-02   8.3617931582E-02  -9.2255349047E-03  -1.2453717817E-04
   38     -5.1835434485E-05  -5.4932514483E-04  -9.2255349047E-03   5.7643044338E-02   8.5056698202E-04
   39      3.2776960120E-06   1.1248351021E-03  -1.2453717817E-04   8.5056698202E-04   6.0014829763E-02
   40      7.4435768374E-05   2.5463010507E-04   9.9210650485E-05  -2.4112405688E-04   6.9057753908E-02
   41      3.1400167228E-04   3.3696334859E-04  -6.1359386947E-04   1.5322351525E-04   2.9186264155E-02
   42      2.3973236498E-04   1.2527154085E-03  -1.3219249543E-03  -1.7918146135E-03   4.4163975717E-03
   43      1.5133892238E-05  -4.7797222113E-04   1.5771803422E-04  -2.7641654532E-04   1.1730922265E-02
   44      1.8143804747E-05   5.9629141947E-04   5.7964340823E-05   6.1259990105E-04   3.2938252246E-03
                   40                 41                 42                 43                 44        
    0     -4.3192782022E-04  -4.5053332356E-04  -5.0215536344E-04   1.5908302476E-04  -2.1770868969E-04
    1     -3.8691014030E-05   8.6826655584E-05   3.1662336776E-04   2.0887300820E-05  -9.8365497010E-05
    2     -7.0746978318E-05  -5.0157508312E-05   2.6744005418E-04  -3.5561487343E-05   2.1637619941E-05
    3     -1.0292445965E-05  -2.1185616393E-04  -1.8049870432E-04  -5.3865282440E-05  -1.6564623498E-04
    4      7.2743295962E-06   3.2993416918E-06   4.0607435253E-05  -1.6612120262E-04  -3.3907080891E-04
    5     -1.0130982789E-04   1.3698565247E-04  -4.8024827089E-05   4.1882123425E-05   5.3287668913E-05
    6      2.9325576523E-04   5.3561912636E-04   1.7694629144E-03  -1.8204134733E-04  -3.0689125149E-04
    7     -1.1868717650E-05   2.8623015287E-04   1.0589808136E-03   1.5583061729E-03   3.7356589995E-04
    8      3.3984197084E-04   9.0179466760E-04   1.3987028586E-03   3.0337926065E-05   7.5104653862E-05
    9      1.6413449959E-03   3.2134487672E-07  -1.0614123613E-02  -2.9744602363E-03   2.5872627602E-03
   10      2.0188371255E-03   6.9644227919E-04   2.4947185674E-02   4.2251003686E-03  -2.1028471203E-03
   11     -1.1421825342E-03  -8.4872022029E-03  -1.5447274860E-02  -3.5504297206E-03  -8.3431211433E-03
   12     -1.7676750458E-03  -1.4468639211E-02   6.1942145866E-03  -2.7002705105E-03  -2.1197268766E-02
   13      4.4945218576E-03  -3.0316179207E-02  -1.2655773600E-02   8.4744851014E-03   2.0257173034E-02
