
$orca_hessian_file

$act_atom
  0

$act_coord
  0

$act_energy
        0.000000

$multiplicity
  1

$hessian
45
                    0                  1                  2                  3                  4        
    0      2.2588076332E-01  -2.4096893570E-01  -3.0845350308E-02  -8.5482631425E-02   7.3946082283E-02
    1     -2.4096893570E-01   4.1161847372E-01   2.6527246037E-02   7.5479647940E-02  -1.6837413063E-01
    2     -3.0845350308E-02   2.6527246037E-02   6.1916953802E-01  -2.9136608348E-02   5.0428186128E-02
    3     -8.5482631425E-02   7.5479647940E-02  -2.9136608348E-02   4.7509447670E-01   2.1121085922E-02
    4      7.3946082283E-02  -1.6837413063E-01   5.0428186128E-02   2.1121085922E-02   4.9821983497E-01
    5     -2.7788352898E-02   5.1210582267E-02  -1.1589072072E-01   3.2496246337E-02   9.5486530427E-03
    6     -1.4271368177E-02   1.2016159917E-02   6.0933039024E-03  -1.4988825994E-01   2.2574290330E-02
    7      2.4705390911E-02  -1.6428694940E-02  -1.4959620547E-02   2.7606213155E-02  -8.2080500820E-02
    8     -8.3405168974E-03   1.1931795043E-03   9.3963265751E-03   4.4167394815E-02  -1.4774086049E-02
    9     -1.1773757544E-03  -9.2238969614E-04   9.6659663619E-05  -2.7071010879E-02  -1.5960527321E-02
   10     -1.0513689932E-03   1.2350276147E-03  -1.5049221315E-03   6.1067720883E-03   1.0915278878E-02
   11      1.8592750740E-04   4.9669489733E-04   2.6895534516E-04   1.3668378089E-02   1.1535840637E-02
   12      2.6047060949E-04  -1.0160943420E-03   4.4352410186E-04  -3.3289091015E-03  -6.8071838724E-03
   13      6.7407987881E-04   8.3957913127E-05   5.1273625337E-04  -4.1150659044E-03  -2.7189920987E-03
   14     -4.4048128969E-04   1.2873928134E-04   4.8986007692E-05  -1.7053934631E-04   2.5932371874E-04
   15     -2.8439557783E-04   3.6882689690E-04   5.1610809527E-05   1.3585623304E-03   1.0164342123E-03
   16      2.1001541691E-05  -6.8800142819E-05   1.0800212713E-04   1.8783607265E-03   6.7233550567E-04
   17     -1.0645983590E-04   1.6869376686E-04  -3.0099549922E-04   1.2131594579E-03   8.2072929417E-04
   18     -2.6823455969E-02   2.3110064382E-02  -2.9765447738E-02   1.5710859847E-05  -3.8050287702E-04
   19      2.3266377375E-02  -4.2797028881E-02   1.2956289911E-02   2.1941299252E-03   2.8639662286E-03
   20     -2.4775671841E-02   1.7703393376E-02  -3.4433953906E-01  -4.5172020293E-04  -2.5095183587E-03
   21     -1.0294121336E-01   1.2287390474E-01   9.0804538134E-02  -2.0167887713E-03   4.1032087123E-03
   22      1.1850081172E-01  -1.6233623550E-01  -1.0680847109E-01   1.0842516146E-02  -7.0587522369E-03
   23      8.8129021518E-02  -1.0989021065E-01  -1.5377924456E-01  -7.9457045486E-03   9.0485987928E-03
   24      1.0231855309E-02   1.0916594669E-02   4.5643511443E-04  -1.3977265036E-01  -1.1643790712E-01
   25     -6.0766403396E-03  -2.6395638067E-02   5.2716233325E-03  -1.3043676443E-01  -1.8886677108E-01
   26      5.6115339613E-03   1.2269964380E-02  -6.0553534622E-04   3.3482213412E-03   4.1157205907E-03
   27     -2.6063003555E-03  -2.5764166826E-03  -1.3688763089E-02  -6.5318207706E-02  -1.1429986572E-02
   28      6.0634016455E-03   2.6206088501E-03   2.9358308833E-02  -1.1512759872E-02  -5.5650018777E-02
   29     -2.8524251815E-03  -2.1847542361E-04  -1.3380950589E-02  -6.1646439154E-02  -4.9082806252E-02
   30     -3.2433689994E-03   1.7063606530E-03   4.5107895258E-03  -1.0931252066E-02   2.1530582192E-02
   31      8.9129649828E-04   3.3534325785E-04  -1.1864924548E-03   1.8526362945E-03  -5.3460752438E-03
   32      2.0914782874E-03  -5.2452455649E-04  -1.7442808726E-03   7.7663160626E-03  -1.5551663174E-02
   33      1.3922351671E-03  -1.2710949802E-03   6.5265739910E-04   5.3532587022E-03   6.1865509079E-03
   34     -7.2061512410E-04   4.7979369648E-04  -1.1149685121E-03  -1.1133674676E-03  -2.3439470390E-03
   35     -7.9785606178E-04   1.1671499462E-03   1.1048199647E-03  -2.7742414778E-03  -3.3256444177E-03
   36     -1.0067031990E-03   1.9450910062E-04   2.7158346672E-04   1.6570351272E-03   7.9100968025E-04
   37      7.7925188263E-04   4.7856406149E-05   4.4741004503E-04   1.1255023313E-04  -1.8257013029E-04
   38     -1.2313834714E-04  -9.1929056101E-05  -2.3322469360E-06  -1.5403356206E-04   2.3532369340E-05
   39      9.0975314865E-05  -2.9207697258E-06   6.7431066531E-05   3.5699789204E-04  -1.0831342732E-04
   40     -2.3096073701E-05  -1.2676123176E-06   4.4859747341E-06  -9.0017185066E-05  -5.1177567780E-05
   41      1.7824402498E-05  -5.1954972348E-05   5.2722535228E-05  -8.6878048750E-05  -1.4048295830E-04
   42     -1.9486897713E-05   2.9988264353E-05  -1.6332056844E-05  -2.6331357202E-05  -1.2901481887E-04
   43      5.4758102061E-05  -1.9265685971E-05  -7.1236246305E-05   5.8254204318E-05   1.5200370559E-06
   44      3.8435339848E-05  -5.7126460979E-05   2.2504516463E-06  -3.0045060137E-04  -4.3328714539E-04
                    5                  6                  7                  8                  9        
    0     -2.7788352898E-02  -1.4271368177E-02   2.4705390911E-02  -8.3405168974E-03  -1.1773757544E-03
    1      5.1210582267E-02   1.2016159917E-02  -1.6428694940E-02   1.1931795043E-03  -9.2238969614E-04
    2     -1.1589072072E-01   6.0933039024E-03  -1.4959620547E-02   9.3963265751E-03   9.6659663619E-05
    3      3.2496246337E-02  -1.4988825994E-01   2.7606213155E-02   4.4167394815E-02  -2.7071010879E-02
    4      9.5486530427E-03   2.2574290330E-02  -8.2080500820E-02  -1.4774086049E-02  -1.5960527321E-02
    5      5.6120258741E-01   4.6532555698E-02  -1.5980364281E-02  -1.1146972681E-01   3.7609381669E-03
    6      4.6532555698E-02   4.9445590804E-01  -2.4672881800E-02   4.9031760315E-02  -1.3457460376E-01
    7     -1.5980364281E-02  -2.4672881800E-02   5.6599253417E-01  -2.3077578837E-02  -7.7563514327E-02
    8     -1.1146972681E-01   4.9031760315E-02  -2.3077578837E-02   5.6897470007E-01  -1.3307408660E-02
    9      3.7609381669E-03  -1.3457460376E-01  -7.7563514327E-02  -1.3307408660E-02   6.0686116364E-01
   10      3.4222097435E-03  -6.7994062422E-02  -1.6981391618E-01  -2.6291765422E-03  -9.7468748099E-03
   11     -5.3314315811E-04  -9.2271646253E-03  -2.9182873479E-03  -7.7732270725E-02   1.4074394991E-01
   12     -3.3536059836E-03  -3.3197851931E-02   1.3387902754E-02   1.9690550118E-02  -2.2149834546E-01
   13     -1.1940187494E-03  -1.7012914372E-02   1.3919962389E-02   1.5079355047E-02   6.4348151518E-02
   14      3.3266457323E-04  -2.9508123594E-03   7.6737371544E-04   2.0442782883E-03   6.7337024241E-02
   15     -4.4936588351E-04  -1.2711944342E-02  -3.5243622189E-03  -2.0839384998E-02  -1.5547379551E-01
   16      1.1325927922E-05  -4.1252642745E-03  -4.0407130661E-03  -2.6231883969E-02  -1.2225372687E-02
   17      9.2389541695E-04   1.4218749655E-03  -1.8745236052E-03  -2.9232218530E-03  -1.7421424016E-01
   18     -1.0300720971E-02   1.1344605365E-03  -1.2545333979E-03  -1.6261283903E-03  -6.0762597693E-06
   19      2.4560368462E-02  -8.3597038005E-04   1.4336989856E-03   6.0168084950E-04   5.6831943921E-05
   20     -8.0539136832E-03   6.7930865753E-04  -2.8803957370E-04   9.8374545826E-04  -1.7337823698E-04
   21      5.7599366561E-03  -1.0806215023E-03   2.6799960965E-03  -8.8635345950E-04   2.6946756747E-04
   22     -1.5291026645E-02  -3.0525926879E-04  -2.8766597069E-03   3.1263255998E-03  -3.7363765370E-04
   23      9.9258182812E-03  -7.0636770334E-04   2.1342124096E-03  -1.0848314753E-03   9.3068776007E-05
   24     -2.5297632438E-04  -2.0885204414E-02  -2.1403346892E-02   9.7549876530E-04  -2.2537479103E-03
   25      2.4543147802E-04   7.3754123359E-03   7.4860176017E-03  -1.1678638821E-03   1.2699990858E-03
   26     -4.4516306994E-02   1.4007140552E-02   1.3225817763E-02  -1.2380209425E-03   8.7884032227E-04
   27     -6.2614112686E-02   6.2880109250E-03   5.3190519255E-03   2.7419952905E-02   2.0093806652E-03
   28     -5.0158141060E-02  -2.1098986314E-03  -2.7269663678E-03  -9.0323900519E-03  -4.1581755157E-04
   29     -2.8110034632E-01  -2.6790808547E-03  -3.3974572692E-03  -1.6094164941E-02  -1.5812279885E-03
   30     -1.1663288906E-02  -8.2375687881E-02   8.3657072226E-02  -3.9162042149E-02   6.1662483332E-03
   31      2.3343028196E-03   8.0862638598E-02  -2.3849901918E-01   8.6477500546E-02   9.1370796513E-03
   32      6.5578333553E-03  -3.9291721642E-02   8.7819385474E-02  -8.8452038341E-02   2.3416818844E-04
   33      2.8686090161E-02  -6.1571838087E-02  -1.0423090594E-02  -6.2414197310E-02  -9.2385305468E-03
   34     -8.5075585014E-03  -1.0586422274E-02  -5.7000041610E-02  -3.9867723481E-02  -8.4185900359E-03
   35     -1.7472096316E-02  -6.2132658147E-02  -4.0688983186E-02  -2.8518589995E-01  -3.1145738075E-04
   36     -4.4081638207E-04   7.6961046039E-03  -1.9966724224E-02   8.6206583348E-03  -5.6959571411E-02
   37     -2.9295160123E-04   5.6375816921E-03  -1.6106044192E-02   9.3144334231E-03   4.6317666092E-02
   38      3.1392247516E-05  -9.8769833005E-04  -2.7420836810E-03   2.4102329450E-03  -2.7578635536E-02
   39     -2.1497913701E-04   1.2865486920E-07   1.7210324298E-04  -4.8295478923E-03  -8.3078907362E-03
   40     -4.0203114182E-05   2.8861498611E-05  -7.1640234166E-05   1.8940089868E-03   5.9987678406E-03
   41      1.5235434299E-05   2.6840566068E-04   6.4956932766E-04  -3.4392362382E-05   2.4127532824E-04
   42     -1.5064866029E-04   9.8276728009E-04   1.3422154437E-03   1.5110480485E-03   1.2546880327E-03
   43      1.6829399244E-04  -9.1376324960E-04   8.1198315396E-04  -8.8883800991E-04  -1.5069886335E-03
   44      4.6827288647E-05  -7.0129635684E-05   1.3136365028E-03   4.0528406531E-04   3.7320886922E-03
                   10                 11                 12                 13                 14        
    0     -1.0513689932E-03   1.8592750740E-04   2.6047060949E-04   6.7407987881E-04  -4.4048128969E-04
    1      1.2350276147E-03   4.9669489733E-04  -1.0160943420E-03   8.3957913127E-05   1.2873928134E-04
    2     -1.5049221315E-03   2.6895534516E-04   4.4352410186E-04   5.1273625337E-04   4.8986007692E-05
    3      6.1067720883E-03   1.3668378089E-02  -3.3289091015E-03  -4.1150659044E-03  -1.7053934631E-04
    4      1.0915278878E-02   1.1535840637E-02  -6.8071838724E-03  -2.7189920987E-03   2.5932371874E-04
    5      3.4222097435E-03  -5.3314315811E-04  -3.3536059836E-03  -1.1940187494E-03   3.3266457323E-04
    6     -6.7994062422E-02  -9.2271646253E-03  -3.3197851931E-02  -1.7012914372E-02  -2.9508123594E-03
    7     -1.6981391618E-01  -2.9182873479E-03   1.3387902754E-02   1.3919962389E-02   7.6737371544E-04
    8     -2.6291765422E-03  -7.7732270725E-02   1.9690550118E-02   1.5079355047E-02   2.0442782883E-03
    9     -9.7468748099E-03   1.4074394991E-01  -2.2149834546E-01   6.4348151518E-02   6.7337024241E-02
   10      5.9457060754E-01  -1.0749744668E-01   5.1632603841E-02  -8.6074361300E-02  -1.4775012787E-02
   11     -1.0749744668E-01   3.7893632776E-01   3.4231151886E-02  -6.1704922351E-03  -4.5153483559E-02
   12      5.1632603841E-02   3.4231151886E-02   2.9944585371E-01  -7.7093477158E-02  -1.0504627582E-01
   13     -8.6074361300E-02  -6.1704922351E-03  -7.7093477158E-02   1.4101632477E-01   7.8708364719E-02
   14     -1.4775012787E-02  -4.5153483559E-02  -1.0504627582E-01   7.8708364719E-02   3.1301598737E-01
   15     -2.1883509284E-03  -1.2773850964E-01  -3.6957491349E-02  -1.4233640151E-05   3.4466333027E-02
   16     -5.1246520524E-02   1.8876167485E-02   9.0000708313E-03  -7.8368355050E-02  -4.9479538701E-02
   17      2.9196909080E-02  -1.4600037993E-01   6.9722634668E-02  -5.7880031635E-02  -2.3296559171E-01
   18      3.0724113348E-04  -9.1111380104E-05  -1.1607757014E-04  -1.9965787987E-04   1.4125191565E-04
   19      1.2038998135E-04  -1.3939922499E-04   1.1125060985E-04  -4.4499423939E-05  -4.0993031075E-05
   20      5.3217942108E-04  -1.0992402902E-04  -4.4695774376E-05  -1.6072404228E-04   1.3563723265E-04
   21      4.8994068780E-04  -6.1077119002E-06  -5.1008637570E-05  -2.5571681117E-04  -4.0693967469E-05
   22     -4.7383996118E-04  -2.6305313857E-06   2.4790930861E-04   2.0375353466E-04  -1.9898704080E-05
   23      7.5426385813E-05   2.4084348640E-05  -7.2538897508E-05  -6.8811527804E-05   1.6550891837E-05
   24      4.2036136316E-03   2.9713124147E-03  -2.3873281266E-03  -1.2002174378E-03   4.9682590759E-04
   25     -8.7952267800E-05  -1.1920521858E-03   7.2888257033E-04   2.3416906981E-04   1.1066469390E-04
   26     -2.0574265992E-03  -1.6359642269E-03   1.1200623596E-03   5.7384047800E-04   5.2221986571E-04
   27      4.7123294693E-04   1.2653369963E-03   5.6583251964E-04  -1.3692336183E-04  -7.6943729973E-04
   28      1.6490787456E-04   1.0549844469E-03   2.8339673789E-05  -3.1300257447E-04   4.1393057024E-05
   29     -2.2983260853E-04  -1.8078184563E-04  -3.4193387913E-04   4.7212836874E-05   7.8917815829E-04
   30     -2.3005897340E-02   9.3725833301E-03   2.0759262174E-03   1.5320589733E-03   4.8568646717E-04
   31     -2.4720384551E-02   9.9916701955E-03   6.0016468073E-04   3.2501932843E-03  -8.2378606316E-05
   32     -1.4715846849E-03  -6.0772596971E-04   3.8317963379E-04   1.2500881414E-04  -5.8146027861E-04
   33     -3.8697267911E-03  -2.5428337461E-02   2.0685218601E-03   1.7330658775E-03   1.9740397247E-03
   34     -4.5925773888E-03  -2.5638532411E-02   1.1148435869E-03   1.5943233598E-03   1.9209833516E-03
   35     -1.4559832771E-04  -4.9096203049E-04  -2.0275427124E-03  -5.1200177439E-05   5.8111816051E-04
   36      4.4779383760E-02  -2.1714743824E-02  -1.8058673665E-02   2.6379764002E-02  -1.3532146933E-02
   37     -2.7338183186E-01   1.0000934392E-01   1.0891119179E-02  -5.0501901500E-03   2.4182246960E-03
   38      1.0208447624E-01  -9.0299111395E-02   5.5824694663E-03  -2.0131664397E-02   9.3363101029E-03
   39     -2.5210507946E-02  -1.1129747251E-03   1.0435759959E-02   1.8299564579E-02   4.2959581199E-03
   40      7.9910788253E-03   1.1922167930E-03  -2.8265052495E-03  -3.6060604179E-03  -1.0086796710E-02
   41     -6.9886756104E-03  -7.6269346741E-03  -1.5854657042E-02  -2.5232080897E-02  -1.8639499523E-02
   42      2.5081217726E-02  -1.7071356098E-02   7.4332096458E-04  -1.2930364546E-02   1.3746247532E-02
   43     -4.6059066747E-03   3.5582123784E-04  -7.9401318152E-06   1.5872776695E-02  -9.8490399659E-03
   44      2.0345761005E-03  -8.8586859130E-03  -4.4253020343E-03   1.5821096785E-02  -2.9482895582E-02
                   15                 16                 17                 18                 19        
    0     -2.8439557783E-04   2.1001541691E-05  -1.0645983590E-04  -2.6823455969E-02   2.3266377375E-02
    1      3.6882689690E-04  -6.8800142819E-05   1.6869376686E-04   2.3110064382E-02  -4.2797028881E-02
    2      5.1610809527E-05   1.0800212713E-04  -3.0099549922E-04  -2.9765447738E-02   1.2956289911E-02
    3      1.3585623304E-03   1.8783607265E-03   1.2131594579E-03   1.5710859847E-05   2.1941299252E-03
    4      1.0164342123E-03   6.7233550567E-04   8.2072929417E-04  -3.8050287702E-04   2.8639662286E-03
    5     -4.4936588351E-04   1.1325927922E-05   9.2389541695E-04  -1.0300720971E-02   2.4560368462E-02
    6     -1.2711944342E-02  -4.1252642745E-03   1.4218749655E-03   1.1344605365E-03  -8.3597038005E-04
    7     -3.5243622189E-03  -4.0407130661E-03  -1.8745236052E-03  -1.2545333979E-03   1.4336989856E-03
    8     -2.0839384998E-02  -2.6231883969E-02  -2.9232218530E-03  -1.6261283903E-03   6.0168084950E-04
    9     -1.5547379551E-01  -1.2225372687E-02  -1.7421424016E-01  -6.0762597693E-06   5.6831943921E-05
   10     -2.1883509284E-03  -5.1246520524E-02   2.9196909080E-02   3.0724113348E-04   1.2038998135E-04
   11     -1.2773850964E-01   1.8876167485E-02  -1.4600037993E-01  -9.1111380104E-05  -1.3939922499E-04
   12     -3.6957491349E-02   9.0000708313E-03   6.9722634668E-02  -1.1607757014E-04   1.1125060985E-04
   13     -1.4233640151E-05  -7.8368355050E-02  -5.7880031635E-02  -1.9965787987E-04  -4.4499423939E-05
   14      3.4466333027E-02  -4.9479538701E-02  -2.3296559171E-01   1.4125191565E-04  -4.0993031075E-05
   15      3.5988274333E-01   1.2232524478E-01   1.4945315653E-01   6.3012941345E-05  -7.7827675847E-05
   16      1.2232524478E-01   6.1704712447E-01  -4.8285445626E-02   2.2446863511E-05  -1.1078601020E-04
   17      1.4945315653E-01  -4.8285445626E-02   6.1097003039E-01   7.1718534829E-06  -3.3654588890E-06
   18      6.3012941345E-05   2.2446863511E-05   7.1718534829E-06   2.2136484991E-02  -2.3599589381E-02
   19     -7.7827675847E-05  -1.1078601020E-04  -3.3654588890E-06  -2.3599589381E-02   3.7827126311E-02
   20      9.5018144859E-05  -5.3052642839E-05   1.8847675308E-05   2.9276802873E-02  -2.0485305955E-02
   21     -5.6181461137E-05   5.7448301271E-05  -2.2926399271E-05   4.3414740763E-03  -2.4130173062E-03
   22     -1.4624306891E-05   4.6043706544E-05  -6.1758122783E-05  -1.2128585775E-03   4.3438815942E-03
   23      2.5237095116E-05  -2.5053442870E-05   4.9695562073E-05   1.4580285006E-02  -1.7385697235E-02
   24      7.0647976750E-04   3.5282442066E-04   3.6837996511E-04   2.0810262066E-05  -4.2702008984E-04
   25      2.0716717819E-05  -6.5491406464E-05  -2.1536415288E-05   5.6212684198E-04   1.5324727177E-05
   26      3.9532185661E-04  -1.1164196483E-04   6.5202917641E-05  -7.6644923856E-04  -4.2887947742E-04
   27     -4.5090635088E-04  -1.1260595497E-04  -2.5075954945E-04  -5.0106501224E-04   2.1296473833E-03
   28      4.0284977963E-05   4.6002391275E-04  -1.9115057599E-04   2.6095295233E-03  -3.5145941639E-03
   29      8.9237192661E-04   4.1401856369E-04   2.8081846620E-04  -2.0451561547E-03   1.3567057481E-03
   30      1.4122011450E-03  -1.1962455159E-03   1.3646185554E-04   8.0284578609E-05  -3.2661569959E-04
   31      1.4731401708E-03  -3.3348520999E-05   2.3237985928E-04  -8.6440001954E-05  -4.9323727883E-05
   32      1.1589776903E-04  -1.2747896157E-03   1.2187732797E-03   2.9822574245E-04  -2.0683038111E-04
   33     -1.5727092854E-03  -5.2393849319E-03  -8.2182060672E-04   6.2682663862E-05   8.9499176888E-05
   34     -1.0969824998E-03  -3.7703809493E-03   6.6191271305E-05   2.6662240167E-04  -1.7588251525E-04
   35      1.3296753946E-03  -4.0904017736E-04   9.6160179012E-04   4.0288002889E-04  -7.6030058678E-04
   36     -7.1546690613E-03   8.7627145274E-03  -1.1322637863E-03  -4.5999651745E-04  -1.2279580967E-04
   37     -1.1898902176E-03   6.1310711207E-03  -5.3667086377E-03  -1.0345068469E-04   5.3601128517E-05
   38     -3.6230677019E-03   2.6481285455E-02  -1.0254797347E-02  -1.4093399956E-04  -2.2295283271E-05
   39     -1.0398563834E-01  -1.1501977985E-01  -3.8993140119E-02  -1.2624798514E-06  -1.9917058747E-05
   40     -1.1266399419E-01  -2.6204410207E-01  -5.7630783117E-02  -6.8112968289E-06   1.5195828918E-05
   41     -3.2356559552E-02  -5.5402690385E-02  -6.6088244663E-02   1.2804394200E-05  -1.0431374668E-05
   42     -4.4775268224E-02  -4.5568250234E-03  -6.8176080796E-03   5.3012898801E-05  -2.4122667849E-05
   43     -4.4190158337E-03  -2.2460810098E-01   1.4086083453E-01  -3.5047394061E-05   1.8929937097E-05
   44     -1.7813555374E-03   1.3535190236E-01  -1.5595563450E-01   2.9097584949E-05  -6.8942340446E-06
                   20                 21                 22                 23                 24        
    0     -2.4775671841E-02  -1.0294121336E-01   1.1850081172E-01   8.8129021518E-02   1.0231855309E-02
    1      1.7703393376E-02   1.2287390474E-01  -1.6233623550E-01  -1.0989021065E-01   1.0916594669E-02
    2     -3.4433953906E-01   9.0804538134E-02  -1.0680847109E-01  -1.5377924456E-01   4.5643511443E-04
    3     -4.5172020293E-04  -2.0167887713E-03   1.0842516146E-02  -7.9457045486E-03  -1.3977265036E-01
    4     -2.5095183587E-03   4.1032087123E-03  -7.0587522369E-03   9.0485987928E-03  -1.1643790712E-01
    5     -8.0539136832E-03   5.7599366561E-03  -1.5291026645E-02   9.9258182812E-03  -2.5297632438E-04
    6      6.7930865753E-04  -1.0806215023E-03  -3.0525926879E-04  -7.0636770334E-04  -2.0885204414E-02
    7     -2.8803957370E-04   2.6799960965E-03  -2.8766597069E-03   2.1342124096E-03  -2.1403346892E-02
    8      9.8374545826E-04  -8.8635345950E-04   3.1263255998E-03  -1.0848314753E-03   9.7549876530E-04
    9     -1.7337823698E-04   2.6946756747E-04  -3.7363765370E-04   9.3068776007E-05  -2.2537479103E-03
   10      5.3217942108E-04   4.8994068780E-04  -4.7383996118E-04   7.5426385813E-05   4.2036136316E-03
   11     -1.0992402902E-04  -6.1077119002E-06  -2.6305313857E-06   2.4084348640E-05   2.9713124147E-03
   12     -4.4695774376E-05  -5.1008637570E-05   2.4790930861E-04  -7.2538897508E-05  -2.3873281266E-03
   13     -1.6072404228E-04  -2.5571681117E-04   2.0375353466E-04  -6.8811527804E-05  -1.2002174378E-03
   14      1.3563723265E-04  -4.0693967469E-05  -1.9898704080E-05   1.6550891837E-05   4.9682590759E-04
   15      9.5018144859E-05  -5.6181461137E-05  -1.4624306891E-05   2.5237095116E-05   7.0647976750E-04
   16     -5.3052642839E-05   5.7448301271E-05   4.6043706544E-05  -2.5053442870E-05   3.5282442066E-04
   17      1.8847675308E-05  -2.2926399271E-05  -6.1758122783E-05   4.9695562073E-05   3.6837996511E-04
   18      2.9276802873E-02   4.3414740763E-03  -1.2128585775E-03   1.4580285006E-02   2.0810262066E-05
   19     -2.0485305955E-02  -2.4130173062E-03   4.3438815942E-03  -1.7385697235E-02  -4.2702008984E-04
   20      3.6027317154E-01  -3.4804438929E-03   2.9542766093E-03  -9.8355300146E-03  -3.1411962205E-05
   21     -3.4804438929E-03   1.0317324583E-01  -1.2782329788E-01  -9.3599270856E-02  -1.0027774103E-03
   22      2.9542766093E-03  -1.2782329788E-01   1.6753410036E-01   1.1581305309E-01  -3.7461145300E-04
   23     -9.8355300146E-03  -9.3599270856E-02   1.1581305309E-01   1.5284871154E-01   1.5834082410E-04
   24     -3.1411962205E-05  -1.0027774103E-03  -3.7461145300E-04   1.5834082410E-04   1.5893322987E-01
   25      1.6771389214E-04   6.6305506805E-04  -6.6996826644E-04   6.8635768871E-04   1.3134329144E-01
   26     -1.0552765197E-04   3.9148172985E-04   4.4031851576E-04  -1.2064213288E-04  -3.6760919345E-03
   27     -2.9763887908E-04   9.3180082442E-05  -5.0830062546E-04   2.4310031209E-04  -5.5836977363E-03
   28      2.1291329315E-03  -4.8706891538E-04   1.0870883483E-03  -8.5558673653E-04  -6.4932864593E-03
   29      4.6964006733E-04   5.8754922898E-04   5.2209833871E-04   1.1147372351E-03  -2.6274604040E-04
   30      3.3572658448E-05  -6.5576889743E-04   1.1007039584E-03  -5.9363024368E-04   7.7132210445E-04
   31      3.0762501352E-06   2.1570436340E-04   5.5909205024E-07   3.1388164478E-04  -4.5220670592E-05
   32      2.3173174884E-04   3.6228953181E-04  -6.8169202179E-04   5.7066050332E-04  -9.7824763263E-04
   33     -7.5785549006E-04   8.7886085497E-05  -1.2660537694E-04  -1.3367150470E-04   1.1776886688E-03
   34      2.8585750394E-04  -6.1755655949E-05   3.0314348661E-05   2.5559527189E-04   5.2545033574E-06
   35      3.2835769635E-04  -3.6443953794E-06  -1.5039465672E-05   3.4283144352E-04   4.5304296967E-05
   36     -1.4796664117E-04  -1.0384421917E-04   7.1960709870E-05  -1.6822439646E-04   1.3037805687E-04
   37     -2.3770499399E-04  -6.2155808754E-05   1.6762325787E-04  -9.8463213780E-05  -3.8539386413E-04
   38     -2.1570983762E-06   1.0083117043E-04   1.2632340880E-05  -7.6332833112E-05  -5.3366478394E-05
   39     -1.2403759926E-06  -7.6836391448E-05   4.4625423845E-05  -2.9920295804E-06  -6.4350986994E-05
   40     -5.0978933182E-07  -1.5359704479E-05   1.1452081797E-05  -4.1689192786E-06  -1.7764638734E-05
   41     -2.4558367330E-06  -7.3520473690E-06   1.3315459543E-05  -3.8314849435E-06  -9.5220831880E-05
   42      6.4749435860E-05   1.9787016552E-05  -2.6815262566E-05   1.9863599517E-05  -2.2007090941E-05
   43     -2.5427356842E-05  -7.4027483875E-06  -9.3606568152E-06   1.0881125847E-05  -3.4704770931E-06
   44      7.9159638691E-06   1.3649328050E-05  -1.1518063084E-05   7.3226978791E-06  -1.3740256232E-04
                   25                 26                 27                 28                 29        
    0     -6.0766403396E-03   5.6115339613E-03  -2.6063003555E-03   6.0634016455E-03  -2.8524251815E-03
    1     -2.6395638067E-02   1.2269964380E-02  -2.5764166826E-03   2.6206088501E-03  -2.1847542361E-04
    2      5.2716233325E-03  -6.0553534622E-04  -1.3688763089E-02   2.9358308833E-02  -1.3380950589E-02
    3     -1.3043676443E-01   3.3482213412E-03  -6.5318207706E-02  -1.1512759872E-02  -6.1646439154E-02
    4     -1.8886677108E-01   4.1157205907E-03  -1.1429986572E-02  -5.5650018777E-02  -4.9082806252E-02
    5      2.4543147802E-04  -4.4516306994E-02  -6.2614112686E-02  -5.0158141060E-02  -2.8110034632E-01
    6      7.3754123359E-03   1.4007140552E-02   6.2880109250E-03  -2.1098986314E-03  -2.6790808547E-03
    7      7.4860176017E-03   1.3225817763E-02   5.3190519255E-03  -2.7269663678E-03  -3.3974572692E-03
    8     -1.1678638821E-03  -1.2380209425E-03   2.7419952905E-02  -9.0323900519E-03  -1.6094164941E-02
    9      1.2699990858E-03   8.7884032227E-04   2.0093806652E-03  -4.1581755157E-04  -1.5812279885E-03
   10     -8.7952267800E-05  -2.0574265992E-03   4.7123294693E-04   1.6490787456E-04  -2.2983260853E-04
   11     -1.1920521858E-03  -1.6359642269E-03   1.2653369963E-03   1.0549844469E-03  -1.8078184563E-04
   12      7.2888257033E-04   1.1200623596E-03   5.6583251964E-04   2.8339673789E-05  -3.4193387913E-04
   13      2.3416906981E-04   5.7384047800E-04  -1.3692336183E-04  -3.1300257447E-04   4.7212836874E-05
   14      1.1066469390E-04   5.2221986571E-04  -7.6943729973E-04   4.1393057024E-05   7.8917815829E-04
   15      2.0716717819E-05   3.9532185661E-04  -4.5090635088E-04   4.0284977963E-05   8.9237192661E-04
   16     -6.5491406464E-05  -1.1164196483E-04  -1.1260595497E-04   4.6002391275E-04   4.1401856369E-04
   17     -2.1536415288E-05   6.5202917641E-05  -2.5075954945E-04  -1.9115057599E-04   2.8081846620E-04
   18      5.6212684198E-04  -7.6644923856E-04  -5.0106501224E-04   2.6095295233E-03  -2.0451561547E-03
   19      1.5324727177E-05  -4.2887947742E-04   2.1296473833E-03  -3.5145941639E-03   1.3567057481E-03
   20      1.6771389214E-04  -1.0552765197E-04  -2.9763887908E-04   2.1291329315E-03   4.6964006733E-04
   21      6.6305506805E-04   3.9148172985E-04   9.3180082442E-05  -4.8706891538E-04   5.8754922898E-04
   22     -6.6996826644E-04   4.4031851576E-04  -5.0830062546E-04   1.0870883483E-03   5.2209833871E-04
   23      6.8635768871E-04  -1.2064213288E-04   2.4310031209E-04  -8.5558673653E-04   1.1147372351E-03
   24      1.3134329144E-01  -3.6760919345E-03  -5.5836977363E-03  -6.4932864593E-03  -2.6274604040E-04
   25      2.1279691344E-01  -4.2022752105E-03  -4.8443658822E-03  -5.3758873205E-03  -5.5482857207E-04
   26     -4.2022752105E-03   4.6624284202E-02  -1.9815126159E-02  -2.4192041399E-02  -5.5185477108E-06
   27     -4.8443658822E-03  -1.9815126159E-02   6.9337453311E-02   1.0332335236E-02   6.6327617522E-02
   28     -5.3758873205E-03  -2.4192041399E-02   1.0332335236E-02   6.3343275542E-02   5.2267466891E-02
   29     -5.5482857207E-04  -5.5185477108E-06   6.6327617522E-02   5.2267466891E-02   3.0788916312E-01
   30     -4.0525680536E-04  -7.8907676411E-04   9.4707780761E-04  -2.2347033511E-04   1.1833823970E-04
   31      6.4829733760E-04  -1.3911883731E-04  -1.3257163522E-04  -1.4551386306E-04  -1.4431198370E-04
   32      3.1884109655E-04   6.6012843459E-04  -8.1346218334E-04  -6.0036262271E-05   5.0847382153E-04
   33     -4.4376770457E-04  -6.7144897112E-04  -4.5396150246E-03   1.9729445941E-03   2.9607417539E-03
   34      1.1660244133E-04   5.3311733708E-04   1.3734979520E-03   1.8744435802E-04  -1.0076986471E-03
   35      3.5977505847E-04   2.8642982942E-04   3.1750841966E-03  -5.0732264607E-04  -2.2699798005E-04
   36      1.7195656004E-04  -1.6038734995E-04  -8.8943456152E-05   7.1587844630E-05   1.4229762299E-04
   37      1.7069638942E-04   2.1520709943E-05  -1.4934765143E-04   1.7891041100E-06   5.6979810790E-05
   38     -7.0954881400E-05  -3.2023252330E-06   2.9622710414E-05   4.7583070035E-05  -1.0095608553E-04
   39      2.4469938006E-05   3.0376657432E-05  -1.1182138389E-05   1.9852982975E-05   1.3610381696E-04
   40      2.6327577280E-06   2.9583691454E-06   5.8937015217E-05  -6.6376831994E-05  -3.4118240743E-05
   41      5.6539681185E-06   2.0529479701E-05  -7.6035840528E-05   7.8613590766E-05   4.6097928621E-05
   42      1.3545047390E-05   1.1096811499E-04  -1.4101753083E-04   1.1122019526E-04   2.3105202397E-04
   43     -8.9453510365E-06  -4.1207226892E-05   1.9862099773E-04  -7.2778091254E-05  -4.1212788084E-05
   44      3.2782510449E-05   5.1923438072E-05  -1.2244183812E-04   6.5445508295E-05  -8.3924953455E-06
                   30                 31                 32                 33                 34        
    0     -3.2433689994E-03   8.9129649828E-04   2.0914782874E-03   1.3922351671E-03  -7.2061512410E-04
    1      1.7063606530E-03   3.3534325785E-04  -5.2452455649E-04  -1.2710949802E-03   4.7979369648E-04
    2      4.5107895258E-03  -1.1864924548E-03  -1.7442808726E-03   6.5265739910E-04  -1.1149685121E-03
    3     -1.0931252066E-02   1.8526362945E-03   7.7663160626E-03   5.3532587022E-03  -1.1133674676E-03
    4      2.1530582192E-02  -5.3460752438E-03  -1.5551663174E-02   6.1865509079E-03  -2.3439470390E-03
    5     -1.1663288906E-02   2.3343028196E-03   6.5578333553E-03   2.8686090161E-02  -8.5075585014E-03
    6     -8.2375687881E-02   8.0862638598E-02  -3.9291721642E-02  -6.1571838087E-02  -1.0586422274E-02
    7      8.3657072226E-02  -2.3849901918E-01   8.7819385474E-02  -1.0423090594E-02  -5.7000041610E-02
    8     -3.9162042149E-02   8.6477500546E-02  -8.8452038341E-02  -6.2414197310E-02  -3.9867723481E-02
    9      6.1662483332E-03   9.1370796513E-03   2.3416818844E-04  -9.2385305468E-03  -8.4185900359E-03
   10     -2.3005897340E-02  -2.4720384551E-02  -1.4715846849E-03  -3.8697267911E-03  -4.5925773888E-03
   11      9.3725833301E-03   9.9916701955E-03  -6.0772596971E-04  -2.5428337461E-02  -2.5638532411E-02
   12      2.0759262174E-03   6.0016468073E-04   3.8317963379E-04   2.0685218601E-03   1.1148435869E-03
   13      1.5320589733E-03   3.2501932843E-03   1.2500881414E-04   1.7330658775E-03   1.5943233598E-03
   14      4.8568646717E-04  -8.2378606316E-05  -5.8146027861E-04   1.9740397247E-03   1.9209833516E-03
   15      1.4122011450E-03   1.4731401708E-03   1.1589776903E-04  -1.5727092854E-03  -1.0969824998E-03
   16     -1.1962455159E-03  -3.3348520999E-05  -1.2747896157E-03  -5.2393849319E-03  -3.7703809493E-03
   17      1.3646185554E-04   2.3237985928E-04   1.2187732797E-03  -8.2182060672E-04   6.6191271305E-05
   18      8.0284578609E-05  -8.6440001954E-05   2.9822574245E-04   6.2682663862E-05   2.6662240167E-04
   19     -3.2661569959E-04  -4.9323727883E-05  -2.0683038111E-04   8.9499176888E-05  -1.7588251525E-04
   20      3.3572658448E-05   3.0762501352E-06   2.3173174884E-04  -7.5785549006E-04   2.8585750394E-04
   21     -6.5576889743E-04   2.1570436340E-04   3.6228953181E-04   8.7886085497E-05  -6.1755655949E-05
   22      1.1007039584E-03   5.5909205024E-07  -6.8169202179E-04  -1.2660537694E-04   3.0314348661E-05
   23     -5.9363024368E-04   3.1388164478E-04   5.7066050332E-04  -1.3367150470E-04   2.5559527189E-04
   24      7.7132210445E-04  -4.5220670592E-05  -9.7824763263E-04   1.1776886688E-03   5.2545033574E-06
   25     -4.0525680536E-04   6.4829733760E-04   3.1884109655E-04  -4.4376770457E-04   1.1660244133E-04
   26     -7.8907676411E-04  -1.3911883731E-04   6.6012843459E-04  -6.7144897112E-04   5.3311733708E-04
   27      9.4707780761E-04  -1.3257163522E-04  -8.1346218334E-04  -4.5396150246E-03   1.3734979520E-03
   28     -2.2347033511E-04  -1.4551386306E-04  -6.0036262271E-05   1.9729445941E-03   1.8744435802E-04
   29      1.1833823970E-04  -1.4431198370E-04   5.0847382153E-04   2.9607417539E-03  -1.0076986471E-03
   30      9.2119688716E-02  -8.8047643453E-02   4.0640755920E-02  -3.1182511636E-03   6.2423602429E-03
   31     -8.8047643453E-02   2.6051830779E-01  -9.4228152232E-02  -2.5811610440E-03   5.4055873946E-03
   32      4.0640755920E-02  -9.4228152232E-02   9.2149332236E-02  -1.0755628841E-02   2.6368238773E-02
   33     -3.1182511636E-03  -2.5811610440E-03  -1.0755628841E-02   7.0262109723E-02   1.3382725446E-02
   34      6.2423602429E-03   5.4055873946E-03   2.6368238773E-02   1.3382725446E-02   5.8927018309E-02
   35     -2.5009254130E-03  -2.1670808678E-03  -1.1088438909E-02   6.5731720964E-02   4.6948196382E-02
   36     -3.3403567116E-03  -3.5135909209E-03  -1.1031437405E-04   6.0372045794E-04   7.4008492736E-04
   37     -2.9470909363E-03  -1.8896547522E-03  -4.8757232551E-04   2.1367524666E-04   5.0025803934E-04
   38     -3.0465130945E-04  -5.2558092189E-04   8.5278662496E-04   7.5864928584E-04   2.8848218733E-04
   39      4.8769853188E-05   2.0166144091E-04  -5.5534042628E-05  -1.4648150117E-03  -9.5792135063E-04
   40      7.9864291810E-05   2.7385414650E-04   3.2927354899E-05   4.6768773842E-04   5.9123481384E-04
   41     -4.6157900992E-06  -3.4806805470E-04  -5.6197638594E-05   7.0154230128E-05  -2.9031317105E-04
   42      4.3166963477E-05  -8.6137437702E-04   1.1950867045E-04   4.9765579112E-04  -1.6116125882E-04
   43      3.3689795276E-04   2.5117753059E-04  -1.5339059340E-04  -9.9890958819E-05   5.0252741116E-05
   44     -2.8686851257E-04  -5.5579302301E-04  -2.1957799451E-04   1.6338261220E-04  -2.0973499320E-04
                   35                 36                 37                 38                 39        
    0     -7.9785606178E-04  -1.0067031990E-03   7.7925188263E-04  -1.2313834714E-04   9.0975314865E-05
    1      1.1671499462E-03   1.9450910062E-04   4.7856406149E-05  -9.1929056101E-05  -2.9207697258E-06
    2      1.1048199647E-03   2.7158346672E-04   4.4741004503E-04  -2.3322469360E-06   6.7431066531E-05
    3     -2.7742414778E-03   1.6570351272E-03   1.1255023313E-04  -1.5403356206E-04   3.5699789204E-04
    4     -3.3256444177E-03   7.9100968025E-04  -1.8257013029E-04   2.3532369340E-05  -1.0831342732E-04
    5     -1.7472096316E-02  -4.4081638207E-04  -2.9295160123E-04   3.1392247516E-05  -2.1497913701E-04
    6     -6.2132658147E-02   7.6961046039E-03   5.6375816921E-03  -9.8769833005E-04   1.2865486920E-07
    7     -4.0688983186E-02  -1.9966724224E-02  -1.6106044192E-02  -2.7420836810E-03   1.7210324298E-04
    8     -2.8518589995E-01   8.6206583348E-03   9.3144334231E-03   2.4102329450E-03  -4.8295478923E-03
    9     -3.1145738075E-04  -5.6959571411E-02   4.6317666092E-02  -2.7578635536E-02  -8.3078907362E-03
   10     -1.4559832771E-04   4.4779383760E-02  -2.7338183186E-01   1.0208447624E-01  -2.5210507946E-02
   11     -4.9096203049E-04  -2.1714743824E-02   1.0000934392E-01  -9.0299111395E-02  -1.1129747251E-03
   12     -2.0275427124E-03  -1.8058673665E-02   1.0891119179E-02   5.5824694663E-03   1.0435759959E-02
   13     -5.1200177439E-05   2.6379764002E-02  -5.0501901500E-03  -2.0131664397E-02   1.8299564579E-02
   14      5.8111816051E-04  -1.3532146933E-02   2.4182246960E-03   9.3363101029E-03   4.2959581199E-03
   15      1.3296753946E-03  -7.1546690613E-03  -1.1898902176E-03  -3.6230677019E-03  -1.0398563834E-01
   16     -4.0904017736E-04   8.7627145274E-03   6.1310711207E-03   2.6481285455E-02  -1.1501977985E-01
   17      9.6160179012E-04  -1.1322637863E-03  -5.3667086377E-03  -1.0254797347E-02  -3.8993140119E-02
   18      4.0288002889E-04  -4.5999651745E-04  -1.0345068469E-04  -1.4093399956E-04  -1.2624798514E-06
   19     -7.6030058678E-04  -1.2279580967E-04   5.3601128517E-05  -2.2295283271E-05  -1.9917058747E-05
   20      3.2835769635E-04  -1.4796664117E-04  -2.3770499399E-04  -2.1570983762E-06  -1.2403759926E-06
   21     -3.6443953794E-06  -1.0384421917E-04  -6.2155808754E-05   1.0083117043E-04  -7.6836391448E-05
   22     -1.5039465672E-05   7.1960709870E-05   1.6762325787E-04   1.2632340880E-05   4.4625423845E-05
   23      3.4283144352E-04  -1.6822439646E-04  -9.8463213780E-05  -7.6332833112E-05  -2.9920295804E-06
   24      4.5304296967E-05   1.3037805687E-04  -3.8539386413E-04  -5.3366478394E-05  -6.4350986994E-05
   25      3.5977505847E-04   1.7195656004E-04   1.7069638942E-04  -7.0954881400E-05   2.4469938006E-05
   26      2.8642982942E-04  -1.6038734995E-04   2.1520709943E-05  -3.2023252330E-06   3.0376657432E-05
   27      3.1750841966E-03  -8.8943456152E-05  -1.4934765143E-04   2.9622710414E-05  -1.1182138389E-05
   28     -5.0732264607E-04   7.1587844630E-05   1.7891041100E-06   4.7583070035E-05   1.9852982975E-05
   29     -2.2699798005E-04   1.4229762299E-04   5.6979810790E-05  -1.0095608553E-04   1.3610381696E-04
   30     -2.5009254130E-03  -3.3403567116E-03  -2.9470909363E-03  -3.0465130945E-04   4.8769853188E-05
   31     -2.1670808678E-03  -3.5135909209E-03  -1.8896547522E-03  -5.2558092189E-04   2.0166144091E-04
   32     -1.1088438909E-02  -1.1031437405E-04  -4.8757232551E-04   8.5278662496E-04  -5.5534042628E-05
   33      6.5731720964E-02   6.0372045794E-04   2.1367524666E-04   7.5864928584E-04  -1.4648150117E-03
   34      4.6948196382E-02   7.4008492736E-04   5.0025803934E-04   2.8848218733E-04  -9.5792135063E-04
   35      3.1018808455E-01  -3.8552440365E-04  -4.5740596262E-04   2.8663585174E-04  -6.8450887709E-05
   36     -3.8552440365E-04   7.6862037843E-02  -5.8295027853E-02   2.9010234689E-02   6.3958890369E-04
   37     -4.5740596262E-04  -5.8295027853E-02   2.8887760921E-01  -1.0499871514E-01   8.6743866527E-04
   38      2.8663585174E-04   2.9010234689E-02  -1.0499871514E-01   8.6994813000E-02   1.3066925540E-03
   39     -6.8450887709E-05   6.3958890369E-04   8.6743866527E-04   1.3066925540E-03   1.0057171946E-01
   40      1.1219359615E-04   7.4558802533E-05  -2.3878493950E-05  -9.2604652832E-04   1.1918818922E-01
   41      2.6096323931E-04  -7.0591626699E-04  -1.1412482013E-04   6.0566045201E-04   4.0072314368E-02
   42      3.0316005144E-04  -4.1610675154E-04  -1.6889703401E-03  -3.8378760162E-03   1.7680360533E-03
   43     -8.9831530062E-05  -1.3734674371E-04   6.8366492910E-04   6.0419293340E-04   2.4748046785E-03
   44      1.2355265327E-04   4.6843164948E-04  -2.4718063022E-04   2.2105810732E-04  -6.2702500037E-04
                   40                 41                 42                 43                 44        
    0     -2.3096073701E-05   1.7824402498E-05  -1.9486897713E-05   5.4758102061E-05   3.8435339848E-05
    1     -1.2676123176E-06  -5.1954972348E-05   2.9988264353E-05  -1.9265685971E-05  -5.7126460979E-05
    2      4.4859747341E-06   5.2722535228E-05  -1.6332056844E-05  -7.1236246305E-05   2.2504516463E-06
    3     -9.0017185066E-05  -8.6878048750E-05  -2.6331357202E-05   5.8254204318E-05  -3.0045060137E-04
    4     -5.1177567780E-05  -1.4048295830E-04  -1.2901481887E-04   1.5200370559E-06  -4.3328714539E-04
    5     -4.0203114182E-05   1.5235434299E-05  -1.5064866029E-04   1.6829399244E-04   4.6827288647E-05
    6      2.8861498611E-05   2.6840566068E-04   9.8276728009E-04  -9.1376324960E-04  -7.0129635684E-05
    7     -7.1640234166E-05   6.4956932766E-04   1.3422154437E-03   8.1198315396E-04   1.3136365028E-03
    8      1.8940089868E-03  -3.4392362382E-05   1.5110480485E-03  -8.8883800991E-04   4.0528406531E-04
    9      5.9987678406E-03   2.4127532824E-04   1.2546880327E-03  -1.5069886335E-03   3.7320886922E-03
   10      7.9910788253E-03  -6.9886756104E-03   2.5081217726E-02  -4.6059066747E-03   2.0345761005E-03
   11      1.1922167930E-03  -7.6269346741E-03  -1.7071356098E-02   3.5582123784E-04  -8.8586859130E-03
   12     -2.8265052495E-03  -1.5854657042E-02   7.4332096458E-04  -7.9401318152E-06  -4.4253020343E-03
   13     -3.6060604179E-03  -2.5232080897E-02  -1.2930364546E-02   1.5872776695E-02   1.5821096785E-02
