
$orca_hessian_file

$act_atom
  0

$act_coord
  0

$act_energy
     -271.046141

$multiplicity
  1

$hessian
45
                    0                  1                  2                  3                  4        
    0      2.2764322399E-01  -2.4180719044E-01  -2.9826186470E-02  -8.5641128791E-02   7.3874727688E-02
    1     -2.4180719044E-01   4.0897719864E-01   2.7919565579E-02   7.5297523979E-02  -1.6559862719E-01
    2     -2.9826186470E-02   2.7919565579E-02   6.1905583264E-01  -2.9961716022E-02   5.0459043517E-02
    3     -8.5641128791E-02   7.5297523979E-02  -2.9961716022E-02   4.7407142988E-01   2.0204019223E-02
    4      7.3874727688E-02  -1.6559862719E-01   5.0459043517E-02   2.0204019223E-02   4.9596683572E-01
    5     -2.8382566023E-02   5.1310999311E-02  -1.1627142164E-01   3.1350430735E-02   1.0250500075E-02
    6     -1.4687232230E-02   1.2274995211E-02   5.7660195907E-03  -1.4966263294E-01   2.2876195818E-02
    7      2.4497743165E-02  -1.6374199289E-02  -1.4618333090E-02   2.7835051263E-02  -8.2096603763E-02
    8     -8.8168746941E-03   1.3748033084E-03   9.7007767662E-03   4.3982431200E-02  -1.4993802003E-02
    9     -8.5511746708E-04  -1.0185334242E-03   2.9849276094E-04  -2.7321530778E-02  -1.6318066007E-02
   10     -1.2828164704E-03   1.2300531807E-03  -1.4453494025E-03   6.1094598201E-03   1.0793339669E-02
   11      1.8740441822E-04   5.0951765273E-04   4.8836730783E-05   1.3593125823E-02   1.1410330215E-02
   12      1.8073836119E-04  -1.0104438741E-03   5.6397722966E-04  -3.0470172836E-03  -6.7695305374E-03
   13      7.8634085368E-04   5.4356241565E-05   5.7239694510E-04  -4.1453720953E-03  -2.7602930380E-03
   14     -5.2182159978E-04   1.1065048992E-04  -3.4749711005E-05  -8.4862518210E-05   1.4670500153E-04
   15     -3.4613851501E-04   3.0074093031E-04  -5.3485867336E-05   1.3049422465E-03   1.0530520572E-03
   16      2.3819602028E-04  -8.3944503179E-05   2.0960099557E-04   1.9711621574E-03   6.8750605945E-04
   17     -2.0370331705E-04   2.1226246740E-04  -4.5767180908E-04   1.0943969561E-03   9.4203543839E-04
   18     -2.6889677626E-02   2.2787840671E-02  -2.9268192683E-02   5.4642488174E-05  -5.4313273787E-04
   19      2.3089921791E-02  -4.2136921211E-02   1.0508184703E-02   2.2172125542E-03   3.1009224900E-03
   20     -2.4475219686E-02   1.5643048565E-02  -3.4485839612E-01  -4.5352525734E-04  -2.4040150308E-03
   21     -1.0468068127E-01   1.2424595908E-01   9.0516301111E-02  -1.7360277281E-03   4.3800470826E-03
   22      1.1942553215E-01  -1.6310776583E-01  -1.0655043639E-01   1.1013029672E-02  -7.0568240483E-03
   23      8.7817807731E-02  -1.0937287889E-01  -1.5169324263E-01  -8.1251000875E-03   8.9888975050E-03
   24      1.0294320726E-02   1.1003992969E-02   3.6025523813E-04  -1.3849405567E-01  -1.1526420736E-01
   25     -5.9711127481E-03  -2.6481359985E-02   5.5229566186E-03  -1.2905191674E-01  -1.8827513940E-01
   26      5.6612485280E-03   1.2576506006E-02  -6.9686503515E-04   4.5280440679E-03   5.5736492123E-03
   27     -2.6369506147E-03  -2.7079353803E-03  -1.3886217811E-02  -6.5092068947E-02  -1.1950233640E-02
   28      5.8529459683E-03   2.9789720458E-03   2.9185013565E-02  -1.2091413697E-02  -5.6503821466E-02
   29     -3.0908064566E-03  -3.3503001426E-04  -1.3744790866E-02  -6.0777482330E-02  -5.0942945446E-02
   30     -3.2269451024E-03   1.4890411251E-03   4.3153601429E-03  -1.1071406942E-02   2.1552388533E-02
   31      1.1100525260E-03   4.4654996591E-04  -1.3415545797E-03   1.9206151374E-03  -5.3523015549E-03
   32      2.1451961867E-03  -6.3510376793E-04  -1.9004519582E-03   7.7617112626E-03  -1.5468224933E-02
   33      1.3408274141E-03  -1.2014613362E-03   6.9930274669E-04   5.1371747749E-03   6.5998733403E-03
   34     -7.1532352658E-04   2.6731288042E-04  -1.2020432305E-03  -1.0405249446E-03  -2.3670843997E-03
   35     -8.2256383161E-04   1.0496261329E-03   1.0101202566E-03  -2.6796936392E-03  -3.5130214250E-03
   36     -8.9572598021E-04   2.9883696090E-04   3.7783777331E-04   1.6180060997E-03   8.0675800477E-04
   37      7.8943013313E-04   3.0773012357E-05   5.8907497278E-04   6.9858341964E-05  -2.0523155496E-04
   38     -1.6920727505E-04  -1.3328599590E-04  -7.3855044441E-07  -1.7957373229E-04   9.1963545871E-06
   39      4.9926756457E-05  -1.0883931730E-04   1.4356815159E-04   4.8499946448E-04  -7.2235323574E-05
   40     -4.7825774065E-05  -4.7557055461E-05   2.7241678974E-05   1.2574717347E-04   1.5339676461E-05
   41      4.5871582018E-05  -5.0956727201E-05   1.4581019230E-04  -1.5151375211E-04  -1.8751892471E-04
   42      3.5056034432E-04   1.5547282787E-04  -4.5315876589E-05  -6.0532587173E-04  -4.2965618956E-04
   43      1.5937867262E-04  -1.5484090771E-04   1.6463813858E-04  -4.3445179616E-04  -3.4801719592E-04
   44      4.5142089236E-04  -1.7972413742E-04  -3.0304826340E-04   1.0332726442E-04  -2.7082961566E-04
                    5                  6                  7                  8                  9        
    0     -2.8382566023E-02  -1.4687232230E-02   2.4497743165E-02  -8.8168746941E-03  -8.5511746708E-04
    1      5.1310999311E-02   1.2274995211E-02  -1.6374199289E-02   1.3748033084E-03  -1.0185334242E-03
    2     -1.1627142164E-01   5.7660195907E-03  -1.4618333090E-02   9.7007767662E-03   2.9849276094E-04
    3      3.1350430735E-02  -1.4966263294E-01   2.7835051263E-02   4.3982431200E-02  -2.7321530778E-02
    4      1.0250500075E-02   2.2876195818E-02  -8.2096603763E-02  -1.4993802003E-02  -1.6318066007E-02
    5      5.5892117649E-01   4.6890418854E-02  -1.5861054445E-02  -1.1090139121E-01   3.9472735788E-03
    6      4.6890418854E-02   4.9352421168E-01  -2.4894645104E-02   4.8417181863E-02  -1.3300623885E-01
    7     -1.5861054445E-02  -2.4894645104E-02   5.6204284967E-01  -2.2767953244E-02  -7.6606700097E-02
    8     -1.1090139121E-01   4.8417181863E-02  -2.2767953244E-02   5.6585671052E-01  -1.1951890130E-02
    9      3.9472735788E-03  -1.3300623885E-01  -7.6606700097E-02  -1.1951890130E-02   6.0411704495E-01
   10      3.4131298396E-03  -6.7104191743E-02  -1.6887544062E-01  -1.3687393139E-03  -7.9009624477E-03
   11     -7.4273347788E-04  -8.1657396121E-03  -1.3976586780E-03  -7.6980772535E-02   1.4103877577E-01
   12     -3.1660810917E-03  -3.3284615557E-02   1.3993705975E-02   1.9507978061E-02  -2.2113988255E-01
   13     -1.2226153735E-03  -1.7495367058E-02   1.3833463054E-02   1.5058050522E-02   6.4683306731E-02
   14      3.8217442846E-04  -2.8335624726E-03   5.4689961836E-04   1.4780058813E-03   6.6477610000E-02
   15     -5.6179978913E-04  -1.2480834902E-02  -3.7318231658E-03  -2.0585474669E-02  -1.5467806970E-01
   16      1.0618519588E-04  -4.0059159112E-03  -4.4289038169E-03  -2.6311552715E-02  -1.5017235692E-02
   17      1.0265606397E-03   1.3136004402E-03  -1.9427890943E-03  -2.6893568996E-03  -1.7423272181E-01
   18     -1.0499977802E-02   1.0022454252E-03  -1.1988040591E-03  -1.8208790665E-03  -9.5995997281E-05
   19      2.4671322350E-02  -7.0578166191E-04   1.3105671547E-03   7.7106463586E-04  -2.4372821094E-04
   20     -8.3777318101E-03   1.0594534191E-03  -4.1418058164E-04   8.6458922276E-04  -7.9698232551E-05
   21      5.7503252936E-03  -1.3514335337E-03   2.5689658821E-03  -9.2305495854E-04   3.0598866142E-04
   22     -1.5051507031E-02  -3.7686562114E-04  -2.9651755226E-03   3.1678558663E-03  -4.2006189272E-04
   23      1.0013054596E-02  -6.8316447450E-04   2.2001334409E-03  -1.1886889616E-03   2.7681298303E-04
   24      8.6672736523E-04  -2.1145774430E-02  -2.1486311952E-02   1.1769690031E-03  -2.4173152004E-03
   25      1.7498353417E-03   7.1314473273E-03   7.7097515639E-03  -9.1639096869E-04   1.2591916851E-03
   26     -4.4763742795E-02   1.3723745566E-02   1.2951445910E-02  -1.3817243608E-03   7.5966444598E-04
   27     -6.2295009154E-02   6.0929292112E-03   5.3653400909E-03   2.7254111316E-02   1.9156432246E-03
   28     -5.1912985080E-02  -2.0121128865E-03  -2.8006878158E-03  -9.2764754114E-03  -2.7886629655E-04
   29     -2.7862376538E-01  -2.8259873353E-03  -3.4782926046E-03  -1.6502031252E-02  -1.8245928458E-03
   30     -1.1718218107E-02  -8.2571470355E-02   8.3349461803E-02  -3.9872153112E-02   6.4214833734E-03
   31      2.2262564622E-03   8.0435925462E-02  -2.3479109671E-01   8.7134445483E-02   9.2439942384E-03
   32      6.8140075388E-03  -3.9848870773E-02   8.8716696687E-02  -8.9954685453E-02   1.6555752663E-04
   33      2.8600845748E-02  -6.1335022729E-02  -1.1089738737E-02  -6.2200776198E-02  -9.1490277150E-03
   34     -8.5761816672E-03  -1.1217747414E-02  -5.7674619830E-02  -4.2462706702E-02  -8.5244352819E-03
   35     -1.7412543348E-02  -6.1824401911E-02  -4.3411088461E-02  -2.8237072891E-01  -2.4947031477E-05
   36     -4.6465992998E-04   7.8405864280E-03  -1.9952867260E-02   8.8003033343E-03  -5.7120832520E-02
   37     -4.0012235528E-04   5.7483236614E-03  -1.6108876570E-02   9.4348539172E-03   4.6443633592E-02
   38      7.2643779710E-06  -1.1850074458E-03  -2.6328714520E-03   2.2558433038E-03  -2.8392347203E-02
   39     -4.3447552067E-05   1.7733219976E-04   1.5823151693E-04  -4.7940485346E-03  -8.1289257709E-03
   40     -3.2220733137E-05  -1.1481073669E-05   1.0232789621E-04   1.9019022003E-03   5.6164722270E-03
   41      7.2289144431E-05   2.9669852111E-04   6.4877468100E-04  -6.5581516383E-05   3.2205219935E-04
   42     -2.7426209665E-04   8.8795057865E-04   1.1923905647E-03   1.8261766404E-03   1.1527763390E-03
   43     -6.7154183167E-04  -6.4277889281E-04   1.1166446031E-03  -7.4535560110E-04  -9.1800905462E-04
   44     -1.4319755045E-04  -1.0038428424E-04   1.4602713400E-03   1.8790353996E-03   3.2199580332E-03
                   10                 11                 12                 13                 14        
    0     -1.2828164704E-03   1.8740441822E-04   1.8073836119E-04   7.8634085368E-04  -5.2182159978E-04
    1      1.2300531807E-03   5.0951765273E-04  -1.0104438741E-03   5.4356241565E-05   1.1065048992E-04
    2     -1.4453494025E-03   4.8836730783E-05   5.6397722966E-04   5.7239694510E-04  -3.4749711005E-05
    3      6.1094598201E-03   1.3593125823E-02  -3.0470172836E-03  -4.1453720953E-03  -8.4862518210E-05
    4      1.0793339669E-02   1.1410330215E-02  -6.7695305374E-03  -2.7602930380E-03   1.4670500153E-04
    5      3.4131298396E-03  -7.4273347788E-04  -3.1660810917E-03  -1.2226153735E-03   3.8217442846E-04
    6     -6.7104191743E-02  -8.1657396121E-03  -3.3284615557E-02  -1.7495367058E-02  -2.8335624726E-03
    7     -1.6887544062E-01  -1.3976586780E-03   1.3993705975E-02   1.3833463054E-02   5.4689961836E-04
    8     -1.3687393139E-03  -7.6980772535E-02   1.9507978061E-02   1.5058050522E-02   1.4780058813E-03
    9     -7.9009624477E-03   1.4103877577E-01  -2.2113988255E-01   6.4683306731E-02   6.6477610000E-02
   10      5.8957801101E-01  -1.0992516083E-01   5.1383559595E-02  -8.5781158733E-02  -1.3815549543E-02
   11     -1.0992516083E-01   3.8097765787E-01   3.2630148501E-02  -5.1417815100E-03  -4.4042946250E-02
   12      5.1383559595E-02   3.2630148501E-02   2.9911289946E-01  -7.7620892236E-02  -1.0367981500E-01
   13     -8.5781158733E-02  -5.1417815100E-03  -7.7620892236E-02   1.4166945594E-01   8.0046231888E-02
   14     -1.3815549543E-02  -4.4042946250E-02  -1.0367981500E-01   8.0046231888E-02   3.0910530404E-01
   15     -4.2961167864E-03  -1.2755475034E-01  -3.7032907926E-02   5.7286228962E-04   3.4148570129E-02
   16     -5.0589643532E-02   1.7116230431E-02   1.0083863575E-02  -7.9388108715E-02  -5.1294425238E-02
   17      2.7226770845E-02  -1.4712104014E-01   7.0300295480E-02  -5.9569167865E-02  -2.3055637601E-01
   18      2.1001118249E-04  -3.9667935808E-05  -1.1420097898E-04  -2.7474580615E-04   1.7346890728E-04
   19     -1.1434775158E-04  -1.0213542109E-04   1.6528751561E-04  -1.1948680075E-04  -9.2769883755E-05
   20      4.1269405763E-04  -1.0322301865E-04  -1.6164622822E-04  -2.0015058040E-04   1.5351612301E-04
   21      3.7749162161E-04  -1.6664144966E-05  -5.2998175780E-05  -2.9350261069E-04   6.1535110084E-06
   22     -2.6219484408E-04  -9.0654129545E-05   5.4959702472E-05   2.0113198899E-04   1.4358671384E-04
   23      2.7655644370E-05   2.1974438777E-05  -8.7995707403E-05  -6.9298543044E-05   1.2831850527E-04
   24      4.1374335676E-03   3.0055878121E-03  -2.4847474335E-03  -1.1292251367E-03   6.0088167990E-04
   25     -3.3111605262E-05  -1.3023400604E-03   5.7987725242E-04   2.6556756249E-04   3.8969240567E-04
   26     -2.1589739627E-03  -1.5214959321E-03   1.1043277988E-03   5.4598714479E-04   5.5127235431E-04
   27      5.9326090757E-04   1.4448224746E-03   6.9967461010E-04  -1.6667564688E-04  -8.6490783974E-04
   28      1.7207717086E-04   1.1371290063E-03   5.3098881823E-05  -2.7514878539E-04  -4.9979310379E-05
   29     -1.6814837592E-04  -1.8217735018E-04  -2.1328670102E-04   7.1551592083E-05   8.3418532060E-04
   30     -2.2662402451E-02   9.5055258639E-03   2.1519704207E-03   1.5152282484E-03   6.6595880593E-04
   31     -2.4740075277E-02   1.0495573677E-02   5.8476421437E-04   3.4349935251E-03  -2.4768686077E-04
   32     -1.0371774649E-03  -6.1393325158E-04   5.3867079787E-04   3.9898119606E-05  -6.1166004959E-04
   33     -4.1416206918E-03  -2.5361651616E-02   1.9570708790E-03   1.6978420053E-03   1.9682560292E-03
   34     -5.0709261605E-03  -2.5648614320E-02   1.0035489464E-03   1.5329900392E-03   1.8806898441E-03
   35     -2.6430653313E-04  -2.1465917364E-04  -2.3102527566E-03   9.3900135038E-05   8.4453448066E-04
   36      4.4882925985E-02  -2.2300776019E-02  -1.8210025001E-02   2.6100095139E-02  -1.4210358399E-02
   37     -2.6949944785E-01   1.0204174322E-01   1.0700421784E-02  -4.9620907138E-03   2.7217711912E-03
   38      1.0402083411E-01  -9.2682595967E-02   5.3479647920E-03  -2.0111406197E-02   9.5010364092E-03
   39     -2.5455861903E-02  -7.5584186662E-04   1.0324929499E-02   1.8763808832E-02   4.1783559077E-03
   40      7.8704864708E-03   8.5043095291E-04  -2.9986091097E-03  -3.8903329001E-03  -1.0252211778E-02
   41     -7.3698194529E-03  -7.4810100304E-03  -1.5762843402E-02  -2.5409700834E-02  -1.8133693851E-02
   42      2.5149829745E-02  -1.7210299167E-02   9.3911167969E-04  -1.2993703469E-02   1.3976072861E-02
   43     -4.6776211292E-03   4.7389774008E-05  -2.0361172468E-04   1.6184661337E-02  -1.0233604484E-02
   44      2.4521404085E-03  -9.3618819139E-03  -4.6114417663E-03   1.5296104501E-02  -2.9598921672E-02
                   15                 16                 17                 18                 19        
    0     -3.4613851501E-04   2.3819602028E-04  -2.0370331705E-04  -2.6889677626E-02   2.3089921791E-02
    1      3.0074093031E-04  -8.3944503179E-05   2.1226246740E-04   2.2787840671E-02  -4.2136921211E-02
    2     -5.3485867336E-05   2.0960099557E-04  -4.5767180908E-04  -2.9268192683E-02   1.0508184703E-02
    3      1.3049422465E-03   1.9711621574E-03   1.0943969561E-03   5.4642488174E-05   2.2172125542E-03
    4      1.0530520572E-03   6.8750605945E-04   9.4203543839E-04  -5.4313273787E-04   3.1009224900E-03
    5     -5.6179978913E-04   1.0618519588E-04   1.0265606397E-03  -1.0499977802E-02   2.4671322350E-02
    6     -1.2480834902E-02  -4.0059159112E-03   1.3136004402E-03   1.0022454252E-03  -7.0578166191E-04
    7     -3.7318231658E-03  -4.4289038169E-03  -1.9427890943E-03  -1.1988040591E-03   1.3105671547E-03
    8     -2.0585474669E-02  -2.6311552715E-02  -2.6893568996E-03  -1.8208790665E-03   7.7106463586E-04
    9     -1.5467806970E-01  -1.5017235692E-02  -1.7423272181E-01  -9.5995997281E-05  -2.4372821094E-04
   10     -4.2961167864E-03  -5.0589643532E-02   2.7226770845E-02   2.1001118249E-04  -1.1434775158E-04
   11     -1.2755475034E-01   1.7116230431E-02  -1.4712104014E-01  -3.9667935808E-05  -1.0213542109E-04
   12     -3.7032907926E-02   1.0083863575E-02   7.0300295480E-02  -1.1420097898E-04   1.6528751561E-04
   13      5.7286228962E-04  -7.9388108715E-02  -5.9569167865E-02  -2.7474580615E-04  -1.1948680075E-04
   14      3.4148570129E-02  -5.1294425238E-02  -2.3055637601E-01   1.7346890728E-04  -9.2769883755E-05
   15      3.5765289932E-01   1.2311820858E-01   1.4740235725E-01   1.6665941567E-04  -1.0943653038E-04
   16      1.2311820858E-01   6.1356367318E-01  -4.7567265696E-02  -3.6626886879E-05   3.8986625349E-05
   17      1.4740235725E-01  -4.7567265696E-02   6.1133311676E-01   1.1887439672E-04   1.2903495801E-04
   18      1.6665941567E-04  -3.6626886879E-05   1.1887439672E-04   2.2057579247E-02  -2.3450790696E-02
   19     -1.0943653038E-04   3.8986625349E-05   1.2903495801E-04  -2.3450790696E-02   3.7080219527E-02
   20      8.2447130404E-05  -8.9573223493E-05   8.6257758398E-05   2.8790752432E-02  -1.8056604350E-02
   21     -4.9530439214E-05   7.0216056384E-05  -2.0231653667E-04   4.4817348109E-03  -2.4502065141E-03
   22      2.7926070414E-05   8.4602182256E-05  -7.9260797587E-06  -9.0636314247E-04   4.3055820825E-03
   23     -7.8985861434E-05  -1.6689681076E-04  -6.6640750690E-06   1.4686426346E-02  -1.7397602553E-02
   24      6.3413363304E-04   3.7383551151E-04   4.4520465588E-04  -1.8328201890E-05  -4.9107274270E-04
   25      1.1441949098E-04  -1.7646491675E-04  -6.8741561623E-05   5.4064261683E-04  -4.5162694404E-05
   26      3.4607090990E-04  -2.4660551489E-05   6.4161717392E-05  -7.0138560760E-04  -4.2540965943E-04
   27     -4.0486833581E-04  -6.0808452137E-06  -2.1922378908E-04  -4.8874587497E-04   2.1838504455E-03
   28      2.4856572870E-05   3.1826137479E-04  -4.0081474572E-04   2.5522482717E-03  -3.6258856676E-03
   29      8.8682447218E-04   3.8414158984E-04   2.5130191458E-04  -2.2311424468E-03   1.1634820746E-03
   30      1.2509531059E-03  -1.3855216407E-03   1.2166659162E-05   2.4459206274E-04  -2.5507064916E-04
   31      1.4636836973E-03   9.7000848473E-07   2.0662106307E-04  -4.9914161301E-05   1.5722442516E-04
   32      9.1535518927E-05  -1.3855216594E-03   1.2669833241E-03   2.8270476034E-04  -1.0432895356E-04
   33     -1.5346058008E-03  -5.3453286821E-03  -8.3070221944E-04   3.7067188678E-05   1.2241402354E-04
   34     -1.1876517047E-03  -3.8045195298E-03   1.7023200568E-04   3.0843550745E-04  -1.2699413070E-04
   35      1.3123797941E-03  -4.8820329307E-04   9.1645618029E-04   5.5113096492E-04  -8.8324675440E-04
   36     -7.2220557145E-03   8.7539858345E-03  -1.0067260161E-03  -4.6280330295E-04   4.4422588204E-05
   37     -1.1437523335E-03   6.3993714426E-03  -5.2071154560E-03  -1.0142544732E-04  -4.0219497758E-07
   38     -3.5310454122E-03   2.6413120568E-02  -1.0579136599E-02  -2.2691122091E-04   2.2421164636E-05
   39     -1.0265002761E-01  -1.1418922405E-01  -3.7049001192E-02  -4.3378930856E-06   3.1970324549E-05
   40     -1.1220180235E-01  -2.6315498316E-01  -5.4981111719E-02   2.7269549204E-05  -3.6132617991E-05
   41     -3.0562805607E-02  -5.2626292774E-02  -6.4672233187E-02   1.1396482297E-05  -3.1173647130E-05
   42     -4.4610548775E-02  -4.6235340670E-03  -6.9425009279E-03   2.9569236757E-05  -1.4899222124E-04
   43     -4.0051667818E-03  -2.1946680270E-01   1.4085797541E-01   1.3535512163E-04   2.1183076380E-04
   44     -1.3418376887E-03   1.3572511321E-01  -1.5886235957E-01   1.7340250827E-04  -1.7223862790E-04
                   20                 21                 22                 23                 24        
    0     -2.4475219686E-02  -1.0468068127E-01   1.1942553215E-01   8.7817807731E-02   1.0294320726E-02
    1      1.5643048565E-02   1.2424595908E-01  -1.6310776583E-01  -1.0937287889E-01   1.1003992969E-02
    2     -3.4485839612E-01   9.0516301111E-02  -1.0655043639E-01  -1.5169324263E-01   3.6025523813E-04
    3     -4.5352525734E-04  -1.7360277281E-03   1.1013029672E-02  -8.1251000875E-03  -1.3849405567E-01
    4     -2.4040150308E-03   4.3800470826E-03  -7.0568240483E-03   8.9888975050E-03  -1.1526420736E-01
    5     -8.3777318101E-03   5.7503252936E-03  -1.5051507031E-02   1.0013054596E-02   8.6672736523E-04
    6      1.0594534191E-03  -1.3514335337E-03  -3.7686562114E-04  -6.8316447450E-04  -2.1145774430E-02
    7     -4.1418058164E-04   2.5689658821E-03  -2.9651755226E-03   2.2001334409E-03  -2.1486311952E-02
    8      8.6458922276E-04  -9.2305495854E-04   3.1678558663E-03  -1.1886889616E-03   1.1769690031E-03
    9     -7.9698232551E-05   3.0598866142E-04  -4.2006189272E-04   2.7681298303E-04  -2.4173152004E-03
   10      4.1269405763E-04   3.7749162161E-04  -2.6219484408E-04   2.7655644370E-05   4.1374335676E-03
   11     -1.0322301865E-04  -1.6664144966E-05  -9.0654129545E-05   2.1974438777E-05   3.0055878121E-03
   12     -1.6164622822E-04  -5.2998175780E-05   5.4959702472E-05  -8.7995707403E-05  -2.4847474335E-03
   13     -2.0015058040E-04  -2.9350261069E-04   2.0113198899E-04  -6.9298543044E-05  -1.1292251367E-03
   14      1.5351612301E-04   6.1535110084E-06   1.4358671384E-04   1.2831850527E-04   6.0088167990E-04
   15      8.2447130404E-05  -4.9530439214E-05   2.7926070414E-05  -7.8985861434E-05   6.3413363304E-04
   16     -8.9573223493E-05   7.0216056384E-05   8.4602182256E-05  -1.6689681076E-04   3.7383551151E-04
   17      8.6257758398E-05  -2.0231653667E-04  -7.9260797587E-06  -6.6640750690E-06   4.4520465588E-04
   18      2.8790752432E-02   4.4817348109E-03  -9.0636314247E-04   1.4686426346E-02  -1.8328201890E-05
   19     -1.8056604350E-02  -2.4502065141E-03   4.3055820825E-03  -1.7397602553E-02  -4.9107274270E-04
   20      3.6119295394E-01  -3.3148071574E-03   2.7111802911E-03  -9.9787570384E-03   6.6044478909E-05
   21     -3.3148071574E-03   1.0480512346E-01  -1.2922289021E-01  -9.3337445290E-02  -9.9698241324E-04
   22      2.7111802911E-03  -1.2922289021E-01   1.6868364335E-01   1.1541755675E-01  -3.3906084972E-04
   23     -9.9787570384E-03  -9.3337445290E-02   1.1541755675E-01   1.5089599644E-01   9.7074855661E-05
   24      6.6044478909E-05  -9.9698241324E-04  -3.3906084972E-04   9.7074855661E-05   1.5786061584E-01
   25      1.9094655343E-04   6.9322357293E-04  -7.8507659600E-04   6.8773817519E-04   1.3036154246E-01
   26     -1.3138266440E-04   4.2602763774E-04   3.4581934623E-04  -1.2666527162E-04  -4.9154580917E-03
   27     -3.1303623855E-04   6.6078314235E-05  -4.0270302704E-04   2.8768924057E-04  -5.6158746454E-03
   28      2.2145390175E-03  -5.2242399486E-04   9.8032133317E-04  -8.8050115386E-04  -6.5162322310E-03
   29      5.5436760976E-04   5.4347640229E-04   4.1861954276E-04   1.1146257639E-03  -3.1683471065E-04
   30      1.0373327652E-05  -4.9503327546E-04   1.2082917047E-03  -5.1323781965E-04   7.7406259716E-04
   31      3.7571978649E-05   2.4561000776E-04  -1.5874261082E-05   3.3841891417E-04  -5.4553965017E-05
   32      3.3844856977E-04   4.0206417143E-04  -6.3116734843E-04   6.6283874423E-04  -1.0141655208E-03
   33     -7.9081246545E-04   9.5294960901E-05  -1.5623055532E-04  -1.0678201418E-04   1.1396557609E-03
   34      9.7530526329E-05  -5.8117079918E-05   4.0907674130E-05   2.5989674762E-04  -1.0737505279E-04
   35      3.0877622939E-04   6.8110361937E-05  -4.5323831353E-05   2.6864191397E-04  -1.0256618797E-06
   36     -2.1242241315E-04  -1.5811422426E-04  -1.0988389438E-04  -2.1039938753E-04   1.2544965825E-04
   37     -1.3263615410E-04  -8.9034680186E-05  -5.5986214456E-06   4.3154530662E-05  -4.5492711914E-04
   38     -6.4892440482E-05   2.0184015010E-04   8.9953396117E-05  -9.7772891760E-05   8.7245460752E-07
   39      5.4379191032E-05  -1.2353307266E-04   1.6977564004E-04  -6.7146496779E-06  -9.7349716314E-05
   40      3.7634101107E-05  -1.0474445772E-04   9.4937319853E-06   4.7305051236E-05   2.3867713787E-05
   41      7.6817678269E-05   1.0822181789E-05  -3.9142383352E-05   4.5051042911E-05  -1.0088185661E-04
   42     -2.6228233630E-04  -1.0988607800E-04   3.4544247881E-05  -1.5985799634E-05   4.4218949717E-04
   43     -4.7985205905E-05   1.5940625588E-04  -1.0717261638E-04  -1.2357894288E-04  -5.7705808108E-05
   44     -6.1344040883E-05  -1.3083279754E-04   1.2158542186E-04  -5.8710575328E-05  -2.7125170202E-04
                   25                 26                 27                 28                 29        
    0     -5.9711127481E-03   5.6612485280E-03  -2.6369506147E-03   5.8529459683E-03  -3.0908064566E-03
    1     -2.6481359985E-02   1.2576506006E-02  -2.7079353803E-03   2.9789720458E-03  -3.3503001426E-04
    2      5.5229566186E-03  -6.9686503515E-04  -1.3886217811E-02   2.9185013565E-02  -1.3744790866E-02
    3     -1.2905191674E-01   4.5280440679E-03  -6.5092068947E-02  -1.2091413697E-02  -6.0777482330E-02
    4     -1.8827513940E-01   5.5736492123E-03  -1.1950233640E-02  -5.6503821466E-02  -5.0942945446E-02
    5      1.7498353417E-03  -4.4763742795E-02  -6.2295009154E-02  -5.1912985080E-02  -2.7862376538E-01
    6      7.1314473273E-03   1.3723745566E-02   6.0929292112E-03  -2.0121128865E-03  -2.8259873353E-03
    7      7.7097515639E-03   1.2951445910E-02   5.3653400909E-03  -2.8006878158E-03  -3.4782926046E-03
    8     -9.1639096869E-04  -1.3817243608E-03   2.7254111316E-02  -9.2764754114E-03  -1.6502031252E-02
    9      1.2591916851E-03   7.5966444598E-04   1.9156432246E-03  -2.7886629655E-04  -1.8245928458E-03
   10     -3.3111605262E-05  -2.1589739627E-03   5.9326090757E-04   1.7207717086E-04  -1.6814837592E-04
   11     -1.3023400604E-03  -1.5214959321E-03   1.4448224746E-03   1.1371290063E-03  -1.8217735018E-04
   12      5.7987725242E-04   1.1043277988E-03   6.9967461010E-04   5.3098881823E-05  -2.1328670102E-04
   13      2.6556756249E-04   5.4598714479E-04  -1.6667564688E-04  -2.7514878539E-04   7.1551592083E-05
   14      3.8969240567E-04   5.5127235431E-04  -8.6490783974E-04  -4.9979310379E-05   8.3418532060E-04
   15      1.1441949098E-04   3.4607090990E-04  -4.0486833581E-04   2.4856572870E-05   8.8682447218E-04
   16     -1.7646491675E-04  -2.4660551489E-05  -6.0808452137E-06   3.1826137479E-04   3.8414158984E-04
   17     -6.8741561623E-05   6.4161717392E-05  -2.1922378908E-04  -4.0081474572E-04   2.5130191458E-04
   18      5.4064261683E-04  -7.0138560760E-04  -4.8874587497E-04   2.5522482717E-03  -2.2311424468E-03
   19     -4.5162694404E-05  -4.2540965943E-04   2.1838504455E-03  -3.6258856676E-03   1.1634820746E-03
   20      1.9094655343E-04  -1.3138266440E-04  -3.1303623855E-04   2.2145390175E-03   5.5436760976E-04
   21      6.9322357293E-04   4.2602763774E-04   6.6078314235E-05  -5.2242399486E-04   5.4347640229E-04
   22     -7.8507659600E-04   3.4581934623E-04  -4.0270302704E-04   9.8032133317E-04   4.1861954276E-04
   23      6.8773817519E-04  -1.2666527162E-04   2.8768924057E-04  -8.8050115386E-04   1.1146257639E-03
   24      1.3036154246E-01  -4.9154580917E-03  -5.6158746454E-03  -6.5162322310E-03  -3.1683471065E-04
   25      2.1253866498E-01  -5.9345657113E-03  -5.1145143422E-03  -5.7225798120E-03  -7.5961466366E-04
   26     -5.9345657113E-03   4.6697290180E-02  -1.9576238360E-02  -2.4118835469E-02   2.5797018706E-04
   27     -5.1145143422E-03  -1.9576238360E-02   6.9329122736E-02   1.0997967570E-02   6.5858991901E-02
   28     -5.7225798120E-03  -2.4118835469E-02   1.0997967570E-02   6.4239220951E-02   5.4455640123E-02
   29     -7.5961466366E-04   2.5797018706E-04   6.5858991901E-02   5.4455640123E-02   3.0574059407E-01
   30     -5.2998678461E-04  -7.1292111193E-04   9.6295427431E-04  -1.9037021743E-04   2.5031791316E-04
   31      6.6733380844E-04  -6.8534583786E-05   7.5005385133E-05  -2.6939265280E-04  -3.4217913692E-04
   32      1.6329867870E-04   6.5188258606E-04  -8.5141866291E-04   7.7372599168E-06   5.2799560152E-04
   33     -4.6420277151E-04  -6.3244216358E-04  -4.6618772434E-03   2.0152851673E-03   2.9289766041E-03
   34      1.4668609108E-04   6.4823420716E-04   1.4594628867E-03   1.5506574538E-04  -8.1894290569E-04
   35      3.5121733739E-04   2.6388765407E-04   3.1526142481E-03  -6.2554927225E-04  -2.0158080408E-05
   36      1.4766781796E-04  -1.5678696900E-04  -1.0612738135E-05   1.3566947156E-04   1.2080685747E-04
   37      1.0310117245E-04   7.1763587972E-05  -2.4711268584E-04   1.4853952081E-04  -6.8578877639E-05
   38     -4.5090706676E-05  -9.5829733808E-05   2.6834699856E-04  -4.8489150041E-06  -7.4430477006E-05
   39      5.0573089727E-05   5.3492282498E-05  -8.0807759360E-05   4.8798496927E-05   1.4290860180E-04
   40     -4.5135897708E-05  -3.1611963774E-06   1.0236422947E-04   2.7664554521E-05  -7.8188718847E-05
   41     -1.4147197018E-05   7.2580136026E-05  -7.6774635534E-05   1.6153480629E-04   2.1968566721E-05
   42      2.5314807314E-04   9.2611067115E-05  -7.4596211453E-05  -6.9451053631E-05   5.4783017677E-04
   43      1.3292573301E-04   2.0735712919E-05  -1.8199597079E-04   1.7739350311E-04   4.9848585224E-04
   44     -1.4794234529E-05   1.5866097829E-04  -1.8374978971E-04   1.0839554956E-04  -1.5565562358E-04
                   30                 31                 32                 33                 34        
    0     -3.2269451024E-03   1.1100525260E-03   2.1451961867E-03   1.3408274141E-03  -7.1532352658E-04
    1      1.4890411251E-03   4.4654996591E-04  -6.3510376793E-04  -1.2014613362E-03   2.6731288042E-04
    2      4.3153601429E-03  -1.3415545797E-03  -1.9004519582E-03   6.9930274669E-04  -1.2020432305E-03
    3     -1.1071406942E-02   1.9206151374E-03   7.7617112626E-03   5.1371747749E-03  -1.0405249446E-03
    4      2.1552388533E-02  -5.3523015549E-03  -1.5468224933E-02   6.5998733403E-03  -2.3670843997E-03
    5     -1.1718218107E-02   2.2262564622E-03   6.8140075388E-03   2.8600845748E-02  -8.5761816672E-03
    6     -8.2571470355E-02   8.0435925462E-02  -3.9848870773E-02  -6.1335022729E-02  -1.1217747414E-02
    7      8.3349461803E-02  -2.3479109671E-01   8.8716696687E-02  -1.1089738737E-02  -5.7674619830E-02
    8     -3.9872153112E-02   8.7134445483E-02  -8.9954685453E-02  -6.2200776198E-02  -4.2462706702E-02
    9      6.4214833734E-03   9.2439942384E-03   1.6555752663E-04  -9.1490277150E-03  -8.5244352819E-03
   10     -2.2662402451E-02  -2.4740075277E-02  -1.0371774649E-03  -4.1416206918E-03  -5.0709261605E-03
   11      9.5055258639E-03   1.0495573677E-02  -6.1393325158E-04  -2.5361651616E-02  -2.5648614320E-02
   12      2.1519704207E-03   5.8476421437E-04   5.3867079787E-04   1.9570708790E-03   1.0035489464E-03
   13      1.5152282484E-03   3.4349935251E-03   3.9898119606E-05   1.6978420053E-03   1.5329900392E-03
   14      6.6595880593E-04  -2.4768686077E-04  -6.1166004959E-04   1.9682560292E-03   1.8806898441E-03
   15      1.2509531059E-03   1.4636836973E-03   9.1535518927E-05  -1.5346058008E-03  -1.1876517047E-03
   16     -1.3855216407E-03   9.7000848473E-07  -1.3855216594E-03  -5.3453286821E-03  -3.8045195298E-03
   17      1.2166659162E-05   2.0662106307E-04   1.2669833241E-03  -8.3070221944E-04   1.7023200568E-04
   18      2.4459206274E-04  -4.9914161301E-05   2.8270476034E-04   3.7067188678E-05   3.0843550745E-04
   19     -2.5507064916E-04   1.5722442516E-04  -1.0432895356E-04   1.2241402354E-04  -1.2699413070E-04
   20      1.0373327652E-05   3.7571978649E-05   3.3844856977E-04  -7.9081246545E-04   9.7530526329E-05
   21     -4.9503327546E-04   2.4561000776E-04   4.0206417143E-04   9.5294960901E-05  -5.8117079918E-05
   22      1.2082917047E-03  -1.5874261082E-05  -6.3116734843E-04  -1.5623055532E-04   4.0907674130E-05
   23     -5.1323781965E-04   3.3841891417E-04   6.6283874423E-04  -1.0678201418E-04   2.5989674762E-04
   24      7.7406259716E-04  -5.4553965017E-05  -1.0141655208E-03   1.1396557609E-03  -1.0737505279E-04
   25     -5.2998678461E-04   6.6733380844E-04   1.6329867870E-04  -4.6420277151E-04   1.4668609108E-04
   26     -7.1292111193E-04  -6.8534583786E-05   6.5188258606E-04  -6.3244216358E-04   6.4823420716E-04
   27      9.6295427431E-04   7.5005385133E-05  -8.5141866291E-04  -4.6618772434E-03   1.4594628867E-03
   28     -1.9037021743E-04  -2.6939265280E-04   7.7372599168E-06   2.0152851673E-03   1.5506574538E-04
   29      2.5031791316E-04  -3.4217913692E-04   5.2799560152E-04   2.9289766041E-03  -8.1894290569E-04
   30      9.2335330901E-02  -8.7916155238E-02   4.1414561628E-02  -3.1874952797E-03   6.2460577484E-03
   31     -8.7916155238E-02   2.5651019823E-01  -9.5297721167E-02  -2.8802013203E-03   5.8586216059E-03
   32      4.1414561628E-02  -9.5297721167E-02   9.4105415144E-02  -1.0869655135E-02   2.6168093615E-02
   33     -3.1874952797E-03  -2.8802013203E-03  -1.0869655135E-02   7.0264299929E-02   1.4163218218E-02
   34      6.2460577484E-03   5.8586216059E-03   2.6168093615E-02   1.4163218218E-02   5.9882665166E-02
   35     -2.7606268489E-03  -2.1584054465E-03  -1.1450440766E-02   6.5503370782E-02   4.9741698298E-02
   36     -3.3159870591E-03  -3.6614867321E-03  -6.4376606460E-05   6.3051530564E-04   7.8005220209E-04
   37     -2.8907455330E-03  -1.7990856587E-03  -5.6461997005E-04   1.6296459840E-04   3.8597516026E-04
   38     -3.1393993855E-04  -5.8880076629E-04   9.1445493327E-04   7.8110308816E-04   3.5069332428E-04
   39      6.1572381133E-05   8.4066907264E-05  -8.5435560207E-05  -1.5067088952E-03  -1.0209267348E-03
   40      1.1519733293E-04   3.2345378162E-04   2.7839219882E-05   5.6112225788E-04   6.2428279879E-04
   41      6.7132045896E-05  -3.8025046478E-04  -2.8548779434E-05   8.5618179218E-05  -3.7497942540E-04
   42     -3.3458110264E-04  -6.0140618933E-04  -6.8079555604E-05   7.7283145016E-04  -8.8673776446E-05
   43      3.5458604820E-04  -4.3151923783E-04   3.0162210264E-07  -4.3935508827E-05   1.4963688939E-04
   44     -3.5029948645E-04  -1.3754510483E-05  -7.2230618426E-04   2.2534857213E-04  -2.3360025317E-04
                   35                 36                 37                 38                 39        
    0     -8.2256383161E-04  -8.9572598021E-04   7.8943013313E-04  -1.6920727505E-04   4.9926756457E-05
    1      1.0496261329E-03   2.9883696090E-04   3.0773012357E-05  -1.3328599590E-04  -1.0883931730E-04
    2      1.0101202566E-03   3.7783777331E-04   5.8907497278E-04  -7.3855044441E-07   1.4356815159E-04
    3     -2.6796936392E-03   1.6180060997E-03   6.9858341964E-05  -1.7957373229E-04   4.8499946448E-04
    4     -3.5130214250E-03   8.0675800477E-04  -2.0523155496E-04   9.1963545871E-06  -7.2235323574E-05
    5     -1.7412543348E-02  -4.6465992998E-04  -4.0012235528E-04   7.2643779710E-06  -4.3447552067E-05
    6     -6.1824401911E-02   7.8405864280E-03   5.7483236614E-03  -1.1850074458E-03   1.7733219976E-04
    7     -4.3411088461E-02  -1.9952867260E-02  -1.6108876570E-02  -2.6328714520E-03   1.5823151693E-04
    8     -2.8237072891E-01   8.8003033343E-03   9.4348539172E-03   2.2558433038E-03  -4.7940485346E-03
    9     -2.4947031477E-05  -5.7120832520E-02   4.6443633592E-02  -2.8392347203E-02  -8.1289257709E-03
   10     -2.6430653313E-04   4.4882925985E-02  -2.6949944785E-01   1.0402083411E-01  -2.5455861903E-02
   11     -2.1465917364E-04  -2.2300776019E-02   1.0204174322E-01  -9.2682595967E-02  -7.5584186662E-04
   12     -2.3102527566E-03  -1.8210025001E-02   1.0700421784E-02   5.3479647920E-03   1.0324929499E-02
   13      9.3900135038E-05   2.6100095139E-02  -4.9620907138E-03  -2.0111406197E-02   1.8763808832E-02
   14      8.4453448066E-04  -1.4210358399E-02   2.7217711912E-03   9.5010364092E-03   4.1783559077E-03
   15      1.3123797941E-03  -7.2220557145E-03  -1.1437523335E-03  -3.5310454122E-03  -1.0265002761E-01
   16     -4.8820329307E-04   8.7539858345E-03   6.3993714426E-03   2.6413120568E-02  -1.1418922405E-01
   17      9.1645618029E-04  -1.0067260161E-03  -5.2071154560E-03  -1.0579136599E-02  -3.7049001192E-02
   18      5.5113096492E-04  -4.6280330295E-04  -1.0142544732E-04  -2.2691122091E-04  -4.3378930856E-06
   19     -8.8324675440E-04   4.4422588204E-05  -4.0219497758E-07   2.2421164636E-05   3.1970324549E-05
   20      3.0877622939E-04  -2.1242241315E-04  -1.3263615410E-04  -6.4892440482E-05   5.4379191032E-05
   21      6.8110361937E-05  -1.5811422426E-04  -8.9034680186E-05   2.0184015010E-04  -1.2353307266E-04
   22     -4.5323831353E-05  -1.0988389438E-04  -5.5986214456E-06   8.9953396117E-05   1.6977564004E-04
   23      2.6864191397E-04  -2.1039938753E-04   4.3154530662E-05  -9.7772891760E-05  -6.7146496779E-06
   24     -1.0256618797E-06   1.2544965825E-04  -4.5492711914E-04   8.7245460752E-07  -9.7349716314E-05
   25      3.5121733739E-04   1.4766781796E-04   1.0310117245E-04  -4.5090706676E-05   5.0573089727E-05
   26      2.6388765407E-04  -1.5678696900E-04   7.1763587972E-05  -9.5829733808E-05   5.3492282498E-05
   27      3.1526142481E-03  -1.0612738135E-05  -2.4711268584E-04   2.6834699856E-04  -8.0807759360E-05
   28     -6.2554927225E-04   1.3566947156E-04   1.4853952081E-04  -4.8489150041E-06   4.8798496927E-05
   29     -2.0158080408E-05   1.2080685747E-04  -6.8578877639E-05  -7.4430477006E-05   1.4290860180E-04
   30     -2.7606268489E-03  -3.3159870591E-03  -2.8907455330E-03  -3.1393993855E-04   6.1572381133E-05
   31     -2.1584054465E-03  -3.6614867321E-03  -1.7990856587E-03  -5.8880076629E-04   8.4066907264E-05
   32     -1.1450440766E-02  -6.4376606460E-05  -5.6461997005E-04   9.1445493327E-04  -8.5435560207E-05
   33      6.5503370782E-02   6.3051530564E-04   1.6296459840E-04   7.8110308816E-04  -1.5067088952E-03
   34      4.9741698298E-02   7.8005220209E-04   3.8597516026E-04   3.5069332428E-04  -1.0209267348E-03
   35      3.0788823063E-01  -2.5959940729E-04  -3.3782736680E-04   1.8959735486E-04  -5.1077723682E-05
   36     -2.5959940729E-04   7.6873559091E-02  -5.8333775888E-02   2.9907618379E-02   6.6041509403E-04
   37     -3.3782736680E-04  -5.8333775888E-02   2.8511939958E-01  -1.0723654755E-01   1.0045820019E-03
   38      1.8959735486E-04   2.9907618379E-02  -1.0723654755E-01   8.9390549644E-02   1.1896377052E-03
   39     -5.1077723682E-05   6.6041509403E-04   1.0045820019E-03   1.1896377052E-03   9.9253459834E-02
   40      1.6234246417E-04   8.5033157836E-05  -1.7007581729E-04  -7.4180007792E-04   1.1834197378E-01
   41      1.1272655067E-04  -7.4458649551E-04  -1.7475615436E-04   5.5327585432E-04   3.8250000292E-02
   42      1.4658272287E-04  -3.5237513678E-04  -1.6584404218E-03  -3.6993513516E-03   1.5790554886E-03
   43      3.2818795184E-04   2.2566607785E-05   5.6364909556E-04   5.8843276578E-04   2.1933067522E-03
   44     -3.3444097055E-04   4.2412531095E-04  -7.8015756745E-04   7.8337478253E-04  -1.2267750612E-03
                   40                 41                 42                 43                 44        
    0     -4.7825774065E-05   4.5871582018E-05   3.5056034432E-04   1.5937867262E-04   4.5142089236E-04
    1     -4.7557055461E-05  -5.0956727201E-05   1.5547282787E-04  -1.5484090771E-04  -1.7972413742E-04
    2      2.7241678974E-05   1.4581019230E-04  -4.5315876589E-05   1.6463813858E-04  -3.0304826340E-04
    3      1.2574717347E-04  -1.5151375211E-04  -6.0532587173E-04  -4.3445179616E-04   1.0332726442E-04
    4      1.5339676461E-05  -1.8751892471E-04  -4.2965618956E-04  -3.4801719592E-04  -2.7082961566E-04
    5     -3.2220733137E-05   7.2289144431E-05  -2.7426209665E-04  -6.7154183167E-04  -1.4319755045E-04
    6     -1.1481073669E-05   2.9669852111E-04   8.8795057865E-04  -6.4277889281E-04  -1.0038428424E-04
    7      1.0232789621E-04   6.4877468100E-04   1.1923905647E-03   1.1166446031E-03   1.4602713400E-03
    8      1.9019022003E-03  -6.5581516383E-05   1.8261766404E-03  -7.4535560110E-04   1.8790353996E-03
    9      5.6164722270E-03   3.2205219935E-04   1.1527763390E-03  -9.1800905462E-04   3.2199580332E-03
   10      7.8704864708E-03  -7.3698194529E-03   2.5149829745E-02  -4.6776211292E-03   2.4521404085E-03
   11      8.5043095291E-04  -7.4810100304E-03  -1.7210299167E-02   4.7389774008E-05  -9.3618819139E-03
   12     -2.9986091097E-03  -1.5762843402E-02   9.3911167969E-04  -2.0361172468E-04  -4.6114417663E-03
   13     -3.8903329001E-03  -2.5409700834E-02  -1.2993703469E-02   1.6184661337E-02   1.5296104501E-02
